+15.997 +16.100 +98.786
+15.982 +16.199 +91.863
+15.979 +16.299 +74.795
+16.005 +16.395 +71.139
+16.037 +16.490 +87.770
+16.041 +16.590 +90.579
+16.040 +16.690 +86.135
+16.047 +16.790 +86.290
+16.054 +16.889 +85.479
+16.061 +16.989 +71.637
+16.093 +17.084 +65.307
+16.135 +17.175 +59.605
+16.185 +17.261 +46.517
+16.254 +17.334 +52.594
+16.315 +17.413 +53.913
+16.374 +17.494 +41.630
+16.448 +17.560 +42.938
+16.522 +17.628 +38.893
+16.600 +17.691 +43.039
+16.673 +17.759 +47.929
+16.740 +17.834 +51.660
+16.802 +17.912 +56.813
+16.856 +17.996 +54.503
+16.914 +18.077 +54.973
+16.972 +18.159 +55.935
+17.028 +18.242 +51.482
+17.090 +18.320 +43.958
+17.162 +18.390 +50.942
+17.225 +18.467 +43.449
+17.298 +18.536 +26.874
+17.387 +18.581 +31.905
+17.472 +18.634 +32.498
+17.556 +18.688 +29.758
+17.643 +18.737 +21.801
+17.736 +18.775 +6.376
+17.835 +18.786 +13.464
+17.932 +18.809 +24.778
+18.023 +18.851 +30.797
+18.109 +18.902 +30.060
+18.196 +18.952 +30.869
+18.282 +19.003 +30.604
+18.368 +19.054 +39.563
+18.445 +19.118 +40.631
+18.521 +19.183 +45.109
+18.591 +19.254 +54.404
+18.649 +19.335 +51.450
+18.712 +19.414 +47.559
+18.779 +19.487 +34.150
+18.862 +19.543 +35.710
+18.943 +19.602 +37.489
+19.022 +19.663 +44.490
+19.094 +19.733 +42.009
+19.168 +19.800 +33.139
+19.252 +19.854 +39.295
+19.329 +19.918 +47.682
+19.397 +19.992 +58.729
+19.448 +20.077 +60.512
+19.498 +20.164 +53.963
+19.557 +20.245 +57.060
+19.611 +20.329 +73.038
+19.640 +20.425 +53.796
+19.699 +20.505 +38.617
+19.777 +20.568 +52.583
+19.838 +20.647 +43.615
+19.910 +20.716 +69.984
+19.945 +20.810 +62.811
+19.990 +20.899 +59.347
+20.041 +20.985 +25.661
+20.131 +21.028 +47.828
+20.199 +21.102 +40.556
+20.275 +21.168 +39.121
+20.352 +21.231 +54.642
+20.410 +21.312 +47.213
+20.478 +21.386 +47.478
+20.546 +21.459 +26.073
+20.635 +21.503 +43.391
+20.708 +21.572 +33.533
+20.791 +21.627 +37.893
+20.870 +21.689 +50.567
+20.934 +21.766 +58.639
+20.986 +21.851 +50.868
+21.049 +21.929 +45.938
+21.119 +22.001 +49.097
+21.184 +22.076 +61.346
+21.232 +22.164 +55.072
+21.289 +22.246 +73.985
+21.317 +22.342 +68.247
+21.354 +22.435 +70.009
+21.388 +22.529 +63.625
+21.432 +22.619 +53.628
+21.492 +22.699 +51.058
+21.555 +22.777 +60.280
+21.604 +22.864 +65.630
+21.645 +22.955 +76.762
+21.668 +23.052 +99.917
+21.651 +23.151 +87.797
+21.655 +23.251 +90.611
+21.654 +23.351 +74.994
+21.680 +23.447 +59.647
+21.730 +23.533 +72.356
+21.761 +23.629 +78.631
+21.780 +23.727 +91.415
+21.778 +23.827 +100.896
+21.759 +23.925 +95.010
+21.750 +24.025 +89.921
+21.750 +24.125 +96.680
+21.739 +24.224 +88.747
+21.741 +24.324 +89.210
+21.742 +24.424 +86.884
+21.748 +24.524 +90.512
+21.747 +24.624 +90.221
+21.746 +24.724 +92.326
+21.742 +24.824 +90.201
+21.742 +24.924 +83.561
+21.753 +25.023 +95.072
+21.744 +25.123 +86.255
+21.751 +25.222 +91.751
+21.748 +25.322 +90.388
+21.747 +25.422 +77.892
+21.768 +25.520 +54.045
+21.827 +25.601 +60.030
+21.877 +25.688 +57.839
+21.930 +25.772 +42.337
+22.004 +25.840 +56.650
+22.059 +25.923 +42.758
+22.132 +25.991 +31.348
+22.218 +26.043 +29.921
+22.305 +26.093 +14.025
+22.402 +26.117 +6.042
+22.501 +26.128 +21.384
+22.594 +26.164 +14.565
+22.691 +26.189 +10.285
+22.789 +26.207 +13.700
+22.886 +26.231 +13.286
+22.984 +26.254 +23.054
+23.076 +26.293 +14.706
+23.173 +26.318 +24.184
+23.264 +26.359 +24.765
+23.355 +26.401 +26.293
+23.444 +26.446 +21.090
+23.537 +26.482 +7.818
+23.637 +26.495 +9.446
+23.735 +26.512 +22.408
+23.828 +26.550 +27.305
+23.917 +26.596 +17.012
+24.012 +26.625 +7.229
+24.111 +26.637 -2.756
+24.211 +26.633 -3.093
+24.311 +26.627 +17.913
+24.406 +26.658 +18.644
+24.501 +26.690 +17.466
+24.596 +26.720 +29.688
+24.683 +26.769 +12.809
+24.781 +26.792 +12.824
+24.878 +26.814 +18.311
+24.973 +26.845 -2.802
+25.073 +26.840 -4.654
+25.173 +26.832 -4.174
+25.272 +26.825 -13.808
+25.370 +26.801 -12.784
+25.467 +26.779 -15.951
+25.563 +26.751 -26.004
+25.653 +26.708 -34.421
+25.736 +26.651 -21.346
+25.829 +26.615 -23.352
+25.921 +26.575 -14.470
+26.017 +26.550 -8.076
+26.116 +26.536 -4.114
+26.216 +26.529 +7.299
+26.315 +26.542 +0.422
+26.415 +26.542 -6.560
+26.515 +26.531 -0.330
