0 0 0 30000
0 0 0 29792
0 0 0 29584
0 0 0 29376
0 0 0 29168
0 0 0 28960
0 0 0 28752
0 0 0 28544
0 0 0 28336
0 0 0 28128
0 0 0 27920
0 0 0 27712
0 0 0 27504
0 0 0 27296
0 0 0 27088
0 0 0 26880
0 0 0 26672
0 0 0 26464
0 0 0 26256
0 0 0 26048
0 0 0 25840
0 0 0 25632
0 0 0 25424
0 0 0 25216
0 0 0 25008
0 0 0 24800
0 0 0 24592
0 0 0 24384
0 0 0 24176
0 0 0 23968
0 0 0 23760
0 0 0 23552
0 0 0 23344
0 0 0 23136
0 0 0 22928
0 0 0 22720
0 0 0 22512
0 0 0 22304
0 0 0 22096
0 0 0 21888
0 0 0 21680
0 0 0 21472
0 0 0 21264
0 0 0 21056
0 0 0 20848
0 0 0 20640
0 0 0 20432
0 0 0 20224
0 0 0 20016
0 0 0 19808
0 0 0 19600
0 0 0 19392
0 0 0 19184
0 0 0 18976
0 0 0 18768
0 0 0 18560
0 0 0 18352
0 0 0 18144
0 0 0 17936
0 0 0 17728
0 0 0 17520
0 0 0 17312
0 0 0 17104
0 0 0 16896
0 0 0 16688
0 0 0 16480
0 0 0 16272
0 0 0 16064
0 0 0 15856
0 0 0 15648
0 0 0 15440
0 0 0 15232
0 0 0 15024
