0 0 0 0
0 0 0 0
0 0 0 0
0 0 0 0
0 0 0 0
0 0 0 0
0 0 0 0
0 0 0 0
0 0 0 0
0 0 0 0
0 0 0 0
0 0 0 0
0 0 0 0
0 0 0 0
0 0 0 0
0 0 0 0
0 0 0 0
0 0 0 0
0 0 0 0
0 0 0 0
0 0 0 0
0 0 0 0
0 0 0 0
0 0 0 0
0 0 0 0
0 0 0 0
0 0 0 0
0 0 0 0
0 0 0 0
0 0 0 0
0 0 0 0
0 0 0 0
0 0 0 0
0 0 0 0
0 0 0 0
0 0 0 0
0 0 0 0
0 0 0 0
0 0 0 0
0 0 0 0
0 0 0 0
0 0 0 0
0 0 0 0
0 0 0 0
0 0 0 0
0 0 0 0
0 0 0 0
0 0 0 0
0 0 0 0
0 0 0 0
0 0 0 0
0 0 0 0
0 0 0 0
0 0 0 0
0 0 0 0
0 0 0 0
0 0 0 0
0 0 0 0
0 0 0 0
0 0 0 0
0 0 0 0
0 0 0 0
0 0 0 0
0 0 0 0
0 0 0 0
0 0 0 0
0 0 0 0
0 0 0 0
0 0 0 0
0 0 0 0
0 0 0 0
0 0 0 0
0 0 0 0
0 0 0 0
0 0 0 0
0 0 0 0
0 0 0 0
0 0 0 0
0 0 0 0
0 0 0 0
0 0 0 0
0 0 0 0
0 0 0 0
0 0 0 0
0 0 0 0
0 0 0 0
0 0 0 0
0 0 0 0
0 0 0 0
0 0 0 0
0 0 0 0
0 0 0 0
0 0 0 0
0 0 0 0
0 0 0 0
0 0 0 0
0 0 0 0
0 0 0 0
0 0 0 0
0 0 0 0
0 0 0 0
0 0 0 0
0 0 0 0
0 0 0 0
0 0 0 0
0 0 0 0
0 0 0 0
0 0 0 0
0 0 0 0
0 0 0 0
0 0 0 0
0 0 0 0
0 0 0 0
0 0 0 0
0 0 0 0
0 0 0 0
0 0 0 0
0 0 0 0
0 0 0 0
0 0 0 0
0 0 0 0
0 0 0 0
0 0 0 0
0 0 0 0
0 0 0 0
0 0 0 0
0 0 0 0
0 0 0 0
0 0 0 0
0 0 0 0
0 0 0 0
0 0 0 0
0 0 0 0
0 0 0 0
0 0 0 0
0 0 0 0
0 0 0 0
0 0 0 0
0 0 0 0
0 0 0 0
0 0 0 0
0 0 0 0
0 0 0 0
0 0 0 0
0 0 0 0
26 -16 26 -16
0 0 26 -16
0 0 26 -16
0 0 26 -16
0 0 26 -16
0 0 26 -16
-4 12 22 -4
0 0 22 -4
0 0 22 -4
0 0 22 -4
1 -6 23 -10
0 0 23 -10
0 0 23 -10
0 0 23 -10
0 0 23 -10
0 0 23 -10
0 0 23 -10
0 0 23 -10
0 0 23 -10
0 0 23 -10
0 0 23 -10
0 0 23 -10
0 0 23 -10
0 0 23 -10
0 0 23 -10
0 0 23 -10
0 0 23 -10
0 0 23 -10
0 0 23 -10
0 0 23 -10
0 0 23 -10
0 0 23 -10
0 0 23 -10
0 0 23 -10
0 0 23 -10
0 0 23 -10
0 0 23 -10
0 0 23 -10
0 0 23 -10
0 0 23 -10
0 0 23 -10
0 0 23 -10
0 0 23 -10
0 0 23 -10
0 0 23 -10
0 0 23 -10
0 0 23 -10
0 0 23 -10
0 0 23 -10
0 0 23 -10
0 0 23 -10
0 0 23 -10
0 0 23 -10
0 0 23 -10
0 0 23 -10
0 0 23 -10
0 0 23 -10
0 0 23 -10
0 0 23 -10
0 0 23 -10
0 0 23 -10
0 0 23 -10
0 0 23 -10
0 0 23 -10
0 0 23 -10
0 0 23 -10
0 0 23 -10
0 0 23 -10
0 0 23 -10
0 0 23 -10
0 0 23 -10
0 0 23 -10
0 0 23 -10
0 0 23 -10
0 0 23 -10
0 0 23 -10
0 0 23 -10
0 0 23 -10
0 0 23 -10
0 0 23 -10
0 0 23 -10
0 0 23 -10
0 0 23 -10
0 0 23 -10
0 0 23 -10
0 0 23 -10
0 0 23 -10
0 0 23 -10
0 0 23 -10
0 0 23 -10
0 0 23 -10
0 0 23 -10
0 0 23 -10
0 0 23 -10
0 0 23 -10
0 0 23 -10
0 0 23 -10
0 0 23 -10
0 0 23 -10
0 0 23 -10
0 0 23 -10
0 0 23 -10
0 0 23 -10
0 0 23 -10
0 0 23 -10
0 0 23 -10
0 0 23 -10
0 0 23 -10
0 0 23 -10
0 0 23 -10
0 0 23 -10
0 0 23 -10
0 0 23 -10
0 0 23 -10
0 0 23 -10
0 0 23 -10
0 0 23 -10
0 0 23 -10
0 0 23 -10
0 0 23 -10
0 0 23 -10
0 0 23 -10
0 0 23 -10
0 0 23 -10
0 0 23 -10
0 0 23 -10
0 0 23 -10
0 0 23 -10
0 0 23 -10
0 0 23 -10
0 0 23 -10
0 0 23 -10
0 0 23 -10
0 0 23 -10
0 0 23 -10
0 0 23 -10
0 0 23 -10
0 0 23 -10
0 0 23 -10
0 0 23 -10
0 0 23 -10
0 0 23 -10
0 0 23 -10
0 0 23 -10
0 0 23 -10
0 0 23 -10
0 0 23 -10
0 0 23 -10
0 0 23 -10
0 0 23 -10
0 0 23 -10
0 0 23 -10
0 0 23 -10
0 0 23 -10
0 0 23 -10
0 0 23 -10
0 0 23 -10
0 0 23 -10
0 0 23 -10
-8 1 15 -9
0 0 15 -9
0 0 15 -9
0 0 15 -9
0 0 15 -9
0 0 15 -9
0 0 15 -9
0 0 15 -9
-3 15 12 6
0 0 12 6
0 0 12 6
0 0 12 6
0 0 12 6
0 0 12 6
0 0 12 6
0 0 12 6
0 0 12 6
0 0 12 6
0 0 12 6
0 0 12 6
0 0 12 6
0 0 12 6
0 0 12 6
0 0 12 6
0 0 12 6
0 0 12 6
0 0 12 6
0 0 12 6
0 0 12 6
0 0 12 6
0 0 12 6
0 0 12 6
0 0 12 6
0 0 12 6
0 0 12 6
0 0 12 6
0 0 12 6
0 0 12 6
0 0 12 6
0 0 12 6
0 0 12 6
0 0 12 6
0 0 12 6
0 0 12 6
0 0 12 6
0 0 12 6
0 0 12 6
0 0 12 6
0 0 12 6
0 0 12 6
0 0 12 6
0 0 12 6
0 0 12 6
0 0 12 6
0 0 12 6
0 0 12 6
0 0 12 6
0 0 12 6
0 0 12 6
0 0 12 6
0 0 12 6
0 0 12 6
0 0 12 6
0 0 12 6
0 0 12 6
0 0 12 6
0 0 12 6
0 0 12 6
0 0 12 6
0 0 12 6
0 0 12 6
0 0 12 6
0 0 12 6
0 0 12 6
0 0 12 6
0 0 12 6
0 0 12 6
0 0 12 6
0 0 12 6
0 0 12 6
0 0 12 6
0 0 12 6
0 0 12 6
0 0 12 6
0 0 12 6
0 0 12 6
0 0 12 6
-3 21 9 27
2 20 11 47
-5 -10 6 37
15 5 21 42
-6 7 15 49
-6 12 9 61
-1 18 8 79
-3 17 5 96
0 4 5 100
0 0 5 100
0 0 5 100
-21 10 -16 110
0 0 -16 110
0 0 -16 110
0 0 -16 110
0 0 -16 110
0 0 -16 110
0 0 -16 110
0 0 -16 110
0 0 -16 110
0 0 -16 110
0 0 -16 110
0 0 -16 110
0 0 -16 110
0 0 -16 110
0 0 -16 110
0 0 -16 110
0 0 -16 110
0 0 -16 110
0 0 -16 110
0 0 -16 110
0 0 -16 110
0 0 -16 110
0 0 -16 110
0 0 -16 110
0 0 -16 110
0 0 -16 110
0 0 -16 110
0 0 -16 110
0 0 -16 110
0 0 -16 110
0 0 -16 110
0 0 -16 110
0 0 -16 110
0 0 -16 110
0 0 -16 110
0 0 -16 110
0 0 -16 110
0 0 -16 110
0 0 -16 110
0 0 -16 110
0 0 -16 110
0 0 -16 110
0 0 -16 110
0 0 -16 110
0 0 -16 110
0 0 -16 110
0 0 -16 110
0 0 -16 110
0 0 -16 110
0 0 -16 110
0 0 -16 110
0 0 -16 110
0 0 -16 110
0 0 -16 110
0 0 -16 110
0 0 -16 110
0 0 -16 110
0 0 -16 110
0 0 -16 110
0 0 -16 110
0 0 -16 110
0 0 -16 110
0 0 -16 110
0 0 -16 110
0 0 -16 110
0 0 -16 110
0 0 -16 110
0 0 -16 110
0 0 -16 110
0 0 -16 110
0 0 -16 110
0 0 -16 110
0 0 -16 110
0 0 -16 110
0 0 -16 110
0 0 -16 110
0 0 -16 110
0 0 -16 110
0 0 -16 110
0 0 -16 110
0 0 -16 110
0 0 -16 110
0 0 -16 110
0 0 -16 110
0 0 -16 110
0 0 -16 110
0 0 -16 110
0 0 -16 110
0 0 -16 110
0 0 -16 110
0 0 -16 110
0 0 -16 110
0 0 -16 110
0 0 -16 110
0 0 -16 110
0 0 -16 110
0 0 -16 110
0 0 -16 110
0 0 -16 110
0 0 -16 110
0 0 -16 110
0 0 -16 110
0 0 -16 110
0 0 -16 110
0 0 -16 110
0 0 -16 110
0 0 -16 110
0 0 -16 110
0 0 -16 110
0 0 -16 110
0 0 -16 110
0 0 -16 110
0 0 -16 110
0 0 -16 110
0 0 -16 110
0 0 -16 110
0 0 -16 110
0 0 -16 110
0 0 -16 110
0 0 -16 110
0 0 -16 110
0 0 -16 110
0 0 -16 110
0 0 -16 110
0 0 -16 110
0 0 -16 110
0 0 -16 110
0 0 -16 110
0 0 -16 110
0 0 -16 110
0 0 -16 110
0 0 -16 110
0 0 -16 110
0 0 -16 110
0 0 -16 110
0 0 -16 110
0 0 -16 110
0 0 -16 110
0 0 -16 110
0 0 -16 110
0 0 -16 110
0 0 -16 110
0 0 -16 110
0 0 -16 110
0 0 -16 110
0 0 -16 110
0 0 -16 110
0 0 -16 110
0 0 -16 110
0 0 -16 110
0 0 -16 110
0 0 -16 110
0 0 -16 110
0 0 -16 110
0 0 -16 110
0 0 -16 110
0 0 -16 110
0 0 -16 110
0 0 -16 110
0 0 -16 110
0 0 -16 110
0 0 -16 110
0 0 -16 110
0 0 -16 110
0 0 -16 110
0 0 -16 110
0 0 -16 110
0 0 -16 110
0 0 -16 110
0 0 -16 110
0 0 -16 110
0 0 -16 110
0 0 -16 110
0 0 -16 110
0 0 -16 110
0 0 -16 110
0 0 -16 110
0 0 -16 110
0 0 -16 110
0 0 -16 110
0 0 -16 110
0 0 -16 110
0 0 -16 110
0 0 -16 110
0 0 -16 110
0 0 -16 110
0 0 -16 110
0 0 -16 110
0 0 -16 110
0 0 -16 110
0 0 -16 110
0 0 -16 110
0 0 -16 110
0 0 -16 110
0 0 -16 110
0 0 -16 110
0 0 -16 110
0 0 -16 110
0 0 -16 110
0 0 -16 110
0 0 -16 110
0 0 -16 110
0 0 -16 110
0 0 -16 110
0 0 -16 110
0 0 -16 110
0 0 -16 110
0 0 -16 110
0 0 -16 110
0 0 -16 110
0 0 -16 110
0 0 -16 110
0 0 -16 110
0 0 -16 110
0 0 -16 110
0 0 -16 110
0 0 -16 110
0 0 -16 110
0 0 -16 110
0 0 -16 110
0 0 -16 110
0 0 -16 110
0 0 -16 110
0 0 -16 110
0 0 -16 110
0 0 -16 110
0 0 -16 110
0 0 -16 110
0 0 -16 110
0 0 -16 110
0 0 -16 110
0 0 -16 110
0 0 -16 110
0 0 -16 110
0 0 -16 110
0 0 -16 110
0 0 -16 110
0 0 -16 110
0 0 -16 110
0 0 -16 110
0 0 -16 110
0 0 -16 110
0 0 -16 110
0 0 -16 110
0 0 -16 110
0 0 -16 110
0 0 -16 110
0 0 -16 110
0 0 -16 110
0 0 -16 110
0 0 -16 110
0 0 -16 110
0 0 -16 110
0 0 -16 110
0 0 -16 110
0 0 -16 110
0 0 -16 110
0 0 -16 110
0 0 -16 110
0 0 -16 110
0 0 -16 110
0 0 -16 110
0 0 -16 110
0 0 -16 110
0 0 -16 110
0 0 -16 110
0 0 -16 110
0 0 -16 110
0 0 -16 110
0 0 -16 110
0 0 -16 110
0 0 -16 110
0 0 -16 110
0 0 -16 110
0 0 -16 110
0 0 -16 110
0 0 -16 110
0 0 -16 110
0 0 -16 110
0 0 -16 110
0 0 -16 110
0 0 -16 110
0 0 -16 110
0 0 -16 110
0 0 -16 110
0 0 -16 110
0 0 -16 110
0 0 -16 110
0 0 -16 110
0 0 -16 110
0 0 -16 110
