0 0 0 0
0 0 0 0
0 0 0 0
0 0 0 0
0 0 0 0
0 0 0 0
0 0 0 0
0 0 0 0
0 0 0 0
0 0 0 0
0 0 0 0
0 0 0 0
0 0 0 0
0 0 0 0
0 0 0 0
0 0 0 0
0 0 0 0
0 0 0 0
0 0 0 0
0 0 0 0
0 0 0 0
0 0 0 0
0 0 0 0
0 0 0 0
0 0 0 0
0 0 0 0
0 0 0 0
0 0 0 0
0 0 0 0
0 0 0 0
0 0 0 0
0 0 0 0
0 0 0 0
0 0 0 0
0 0 0 0
0 0 0 0
0 0 0 0
0 0 0 0
0 0 0 0
0 0 0 0
0 0 0 0
0 0 0 0
0 0 0 0
0 0 0 0
0 0 0 0
0 0 0 0
0 0 0 0
0 0 0 0
0 0 0 0
0 0 0 0
0 0 0 0
0 0 0 0
0 0 0 0
0 0 0 0
0 0 0 0
0 0 0 0
0 0 0 0
0 0 0 0
0 0 0 0
0 0 0 0
0 0 0 0
0 0 0 0
0 0 0 0
0 0 0 0
0 0 0 0
0 0 0 0
0 0 0 0
0 0 0 0
0 0 0 0
0 0 0 0
0 0 0 0
0 0 0 0
0 0 0 0
0 0 0 0
0 0 0 0
0 0 0 0
0 0 0 0
0 0 0 0
0 0 0 0
0 0 0 0
0 0 0 0
0 0 0 0
0 0 0 0
0 0 0 0
0 0 0 0
0 0 0 0
0 0 0 0
0 0 0 0
0 0 0 0
0 0 0 0
0 0 0 0
0 0 0 0
0 0 0 0
0 0 0 0
0 0 0 0
0 0 0 0
0 0 0 0
0 0 0 0
0 0 0 0
0 0 0 0
0 0 0 0
0 0 0 0
0 0 0 0
0 0 0 0
0 0 0 0
0 0 0 0
0 0 0 0
0 0 0 0
0 0 0 0
0 0 0 0
0 0 0 0
0 0 0 0
0 0 0 0
0 0 0 0
0 0 0 0
0 0 0 0
0 0 0 0
0 0 0 0
0 0 0 0
0 0 0 0
0 0 0 0
0 0 0 0
0 0 0 0
0 0 0 0
0 0 0 0
0 0 0 0
0 0 0 0
0 0 0 0
0 0 0 0
0 0 0 0
0 0 0 0
0 0 0 0
0 0 0 0
0 0 0 0
0 0 0 0
0 0 0 0
0 0 0 0
0 0 0 0
0 0 0 0
0 0 0 0
0 0 0 0
0 0 0 0
0 0 0 0
0 0 0 0
0 0 0 0
0 0 0 0
0 0 0 0
0 0 0 0
0 0 0 0
0 0 0 0
0 0 0 0
0 0 0 0
0 0 0 0
0 0 0 0
0 0 0 0
0 0 0 0
0 0 0 0
0 0 0 0
0 0 0 0
0 0 0 0
0 0 0 0
0 0 0 0
0 0 0 0
0 0 0 0
0 0 0 0
0 0 0 0
0 0 0 0
0 0 0 0
0 0 0 0
0 0 0 0
0 0 0 0
0 0 0 0
0 0 0 0
0 0 0 0
0 0 0 0
0 0 0 0
0 0 0 0
0 0 0 0
0 0 0 0
0 0 0 0
0 0 0 0
0 0 0 0
0 0 0 0
0 0 0 0
0 0 0 0
0 0 0 0
0 0 0 0
0 0 0 0
0 0 0 0
0 0 0 0
0 0 0 0
0 0 0 0
0 0 0 0
0 0 0 0
0 0 0 0
0 0 0 0
0 0 0 0
0 0 0 0
0 0 0 0
0 0 0 0
0 0 0 0
0 0 0 0
0 0 0 0
0 0 0 0
0 0 0 0
0 0 0 0
0 0 0 0
0 0 0 0
0 0 0 0
0 0 0 0
0 0 0 0
0 0 0 0
0 0 0 0
0 0 0 0
0 0 0 0
0 0 0 0
0 0 0 0
0 0 0 0
0 0 0 0
0 0 0 0
0 0 0 0
0 0 0 0
0 0 0 0
0 0 0 0
0 0 0 0
0 0 0 0
0 0 0 0
0 0 0 0
0 0 0 0
0 0 0 0
0 0 0 0
0 0 0 0
0 0 0 0
0 0 0 0
0 0 0 0
0 0 0 0
0 0 0 0
0 0 0 0
0 0 0 0
0 0 0 0
0 0 0 0
0 0 0 0
0 0 0 0
0 0 0 0
0 0 0 0
0 0 0 0
0 0 0 0
0 0 0 0
0 0 0 0
0 0 0 0
0 0 0 0
0 0 0 0
0 0 0 0
0 0 0 0
0 0 0 0
0 0 0 0
0 0 0 0
0 0 0 0
0 0 0 0
0 0 0 0
0 0 0 0
0 0 0 0
0 0 0 0
0 0 0 0
0 0 0 0
0 0 0 0
0 0 0 0
0 0 0 0
0 0 0 0
0 0 0 0
0 0 0 0
0 0 0 0
0 0 0 0
0 0 0 0
0 0 0 0
0 0 0 0
0 0 0 0
0 0 0 0
0 0 0 0
0 0 0 0
0 0 0 0
0 0 0 0
0 0 0 0
0 0 0 0
0 0 0 0
0 0 0 0
0 0 0 0
0 0 0 0
0 0 0 0
0 0 0 0
0 0 0 0
0 0 0 0
0 0 0 0
0 0 0 0
0 0 0 0
0 0 0 0
0 0 0 0
0 0 0 0
0 0 0 0
0 0 0 0
0 0 0 0
0 0 0 0
0 0 0 0
0 0 0 0
0 0 0 0
0 0 0 0
0 0 0 0
0 0 0 0
0 0 0 0
0 0 0 0
0 0 0 0
0 0 0 0
0 0 0 0
0 0 0 0
0 0 0 0
0 0 0 0
0 0 0 0
0 0 0 0
0 0 0 0
0 0 0 0
0 0 0 0
0 0 0 0
0 0 0 0
0 0 0 0
0 0 0 0
0 0 0 0
0 0 0 0
0 0 0 0
0 0 0 0
0 0 0 0
0 0 0 0
0 0 0 0
0 0 0 0
0 0 0 0
0 0 0 0
0 0 0 0
0 0 0 0
0 0 0 0
0 0 0 0
0 0 0 0
0 0 0 0
0 0 0 0
0 0 0 0
0 0 0 0
0 0 0 0
0 0 0 0
0 0 0 0
0 0 0 0
0 0 0 0
0 0 0 0
0 0 0 0
0 0 0 0
0 0 0 0
0 0 0 0
0 0 0 0
0 0 0 0
0 0 0 0
0 0 0 0
0 0 0 0
0 0 0 0
0 0 0 0
0 0 0 0
0 0 0 0
0 0 0 0
0 0 0 0
0 0 0 0
0 0 0 0
0 0 0 0
0 0 0 0
0 0 0 0
0 0 0 0
0 0 0 0
0 0 0 0
0 0 0 0
0 0 0 0
0 0 0 0
0 0 0 0
0 0 0 0
0 0 0 0
0 0 0 0
0 0 0 0
0 0 0 0
0 0 0 0
0 0 0 0
0 0 0 0
0 0 0 0
0 0 0 0
0 0 0 0
0 0 0 0
0 0 0 0
0 0 0 0
0 0 0 0
5 22 5 22
0 0 5 22
0 0 5 22
2 -13 7 9
0 0 7 9
0 0 7 9
0 0 7 9
0 0 7 9
0 0 7 9
12 20 19 29
0 0 19 29
0 0 19 29
0 -6 19 23
-20 0 -1 23
3 6 2 29
0 0 2 29
0 0 2 29
0 0 2 29
0 0 2 29
0 0 2 29
0 0 2 29
0 0 2 29
0 0 2 29
0 0 2 29
0 0 2 29
0 0 2 29
0 0 2 29
0 0 2 29
0 0 2 29
0 0 2 29
0 0 2 29
0 0 2 29
0 0 2 29
0 0 2 29
0 0 2 29
0 0 2 29
0 0 2 29
0 0 2 29
0 0 2 29
0 0 2 29
0 0 2 29
0 0 2 29
0 0 2 29
0 0 2 29
0 0 2 29
0 0 2 29
0 0 2 29
0 0 2 29
0 0 2 29
0 0 2 29
0 0 2 29
0 0 2 29
0 0 2 29
0 0 2 29
0 0 2 29
0 0 2 29
0 0 2 29
0 0 2 29
0 0 2 29
0 0 2 29
0 0 2 29
0 0 2 29
0 0 2 29
0 0 2 29
0 0 2 29
0 0 2 29
0 0 2 29
0 0 2 29
0 0 2 29
0 0 2 29
-19 3 -17 32
-16 0 -33 32
-40 25 -73 57
0 0 -73 57
0 0 -73 57
0 0 -73 57
0 0 -73 57
0 0 -73 57
0 0 -73 57
0 0 -73 57
0 0 -73 57
0 0 -73 57
0 0 -73 57
0 0 -73 57
0 0 -73 57
0 0 -73 57
0 0 -73 57
0 0 -73 57
0 0 -73 57
0 0 -73 57
0 0 -73 57
0 0 -73 57
0 0 -73 57
0 0 -73 57
0 0 -73 57
0 0 -73 57
0 0 -73 57
0 0 -73 57
0 0 -73 57
0 0 -73 57
-17 1 -90 58
0 0 -90 58
0 0 -90 58
-8 -10 -98 48
0 0 -98 48
0 0 -98 48
0 0 -98 48
0 0 -98 48
0 0 -98 48
0 0 -98 48
0 0 -98 48
0 0 -98 48
0 0 -98 48
0 0 -98 48
0 0 -98 48
0 0 -98 48
0 0 -98 48
0 0 -98 48
0 0 -98 48
0 0 -98 48
0 0 -98 48
0 0 -98 48
0 0 -98 48
0 0 -98 48
0 0 -98 48
0 0 -98 48
0 0 -98 48
0 0 -98 48
0 0 -98 48
0 0 -98 48
0 0 -98 48
0 0 -98 48
0 0 -98 48
0 0 -98 48
0 0 -98 48
0 0 -98 48
-20 5 -118 53
0 0 -118 53
3 -17 -115 36
0 0 -115 36
-18 -14 -133 22
5 -6 -128 16
0 0 -128 16
-2 -4 -130 12
-2 -27 -132 -15
-11 -20 -143 -35
0 0 -143 -35
-18 -13 -161 -48
-5 -2 -166 -50
2 -9 -164 -59
0 0 -164 -59
-10 1 -174 -58
0 0 -174 -58
-2 -17 -176 -75
0 0 -176 -75
0 0 -176 -75
0 0 -176 -75
0 0 -176 -75
0 0 -176 -75
0 0 -176 -75
0 0 -176 -75
0 0 -176 -75
0 0 -176 -75
0 0 -176 -75
0 0 -176 -75
0 0 -176 -75
0 0 -176 -75
0 0 -176 -75
0 0 -176 -75
0 0 -176 -75
0 0 -176 -75
0 0 -176 -75
0 0 -176 -75
0 0 -176 -75
0 0 -176 -75
0 0 -176 -75
0 0 -176 -75
0 0 -176 -75
0 0 -176 -75
0 0 -176 -75
0 0 -176 -75
9 -8 -167 -83
0 0 -167 -83
0 0 -167 -83
0 0 -167 -83
0 0 -167 -83
0 0 -167 -83
0 0 -167 -83
0 0 -167 -83
0 0 -167 -83
0 0 -167 -83
0 0 -167 -83
-28 15 -195 -68
0 0 -195 -68
0 0 -195 -68
-7 26 -202 -42
-21 8 -223 -34
0 0 -223 -34
0 0 -223 -34
0 0 -223 -34
0 0 -223 -34
0 0 -223 -34
0 0 -223 -34
0 0 -223 -34
0 0 -223 -34
0 0 -223 -34
0 0 -223 -34
0 0 -223 -34
0 0 -223 -34
0 0 -223 -34
0 0 -223 -34
0 0 -223 -34
0 0 -223 -34
0 0 -223 -34
0 0 -223 -34
0 0 -223 -34
0 0 -223 -34
0 0 -223 -34
0 0 -223 -34
0 0 -223 -34
0 0 -223 -34
0 0 -223 -34
0 0 -223 -34
0 0 -223 -34
0 0 -223 -34
0 0 -223 -34
0 0 -223 -34
0 0 -223 -34
0 0 -223 -34
0 0 -223 -34
0 10 -223 -24
0 0 -223 -24
0 0 -223 -24
0 0 -223 -24
0 0 -223 -24
-3 4 -226 -20
0 0 -226 -20
0 0 -226 -20
0 0 -226 -20
0 0 -226 -20
0 0 -226 -20
0 0 -226 -20
0 0 -226 -20
0 0 -226 -20
0 0 -226 -20
0 0 -226 -20
0 0 -226 -20
0 0 -226 -20
0 0 -226 -20
0 0 -226 -20
0 0 -226 -20
0 0 -226 -20
0 0 -226 -20
0 0 -226 -20
0 0 -226 -20
0 0 -226 -20
0 0 -226 -20
0 0 -226 -20
0 0 -226 -20
0 0 -226 -20
0 0 -226 -20
0 0 -226 -20
0 0 -226 -20
-17 0 -243 -20
0 0 -243 -20
0 0 -243 -20
0 0 -243 -20
0 0 -243 -20
0 0 -243 -20
0 0 -243 -20
0 0 -243 -20
0 0 -243 -20
0 0 -243 -20
-30 8 -273 -12
0 0 -273 -12
-32 14 -305 2
0 0 -305 2
0 0 -305 2
0 0 -305 2
0 0 -305 2
0 0 -305 2
0 0 -305 2
0 0 -305 2
0 0 -305 2
0 0 -305 2
0 0 -305 2
0 0 -305 2
0 0 -305 2
0 0 -305 2
0 0 -305 2
0 0 -305 2
0 0 -305 2
0 0 -305 2
0 0 -305 2
0 0 -305 2
0 0 -305 2
0 0 -305 2
0 0 -305 2
0 0 -305 2
-20 -21 -325 -19
0 0 -325 -19
0 0 -325 -19
0 0 -325 -19
0 0 -325 -19
0 0 -325 -19
0 0 -325 -19
0 0 -325 -19
-17 -20 -342 -39
0 0 -342 -39
0 0 -342 -39
0 0 -342 -39
0 0 -342 -39
0 0 -342 -39
0 0 -342 -39
0 0 -342 -39
0 0 -342 -39
0 0 -342 -39
0 0 -342 -39
0 0 -342 -39
0 0 -342 -39
0 0 -342 -39
0 0 -342 -39
0 0 -342 -39
0 0 -342 -39
0 0 -342 -39
0 0 -342 -39
0 0 -342 -39
0 0 -342 -39
0 0 -342 -39
0 0 -342 -39
0 0 -342 -39
0 0 -342 -39
0 0 -342 -39
0 0 -342 -39
0 0 -342 -39
0 0 -342 -39
0 0 -342 -39
0 0 -342 -39
0 0 -342 -39
0 0 -342 -39
0 0 -342 -39
0 0 -342 -39
0 0 -342 -39
0 0 -342 -39
0 0 -342 -39
0 0 -342 -39
0 0 -342 -39
0 0 -342 -39
0 0 -342 -39
0 0 -342 -39
0 0 -342 -39
0 0 -342 -39
0 0 -342 -39
0 0 -342 -39
0 0 -342 -39
0 0 -342 -39
0 0 -342 -39
0 0 -342 -39
0 0 -342 -39
0 0 -342 -39
0 0 -342 -39
0 0 -342 -39
0 0 -342 -39
0 0 -342 -39
0 0 -342 -39
0 0 -342 -39
0 0 -342 -39
0 0 -342 -39
0 0 -342 -39
0 0 -342 -39
0 0 -342 -39
0 0 -342 -39
0 0 -342 -39
0 0 -342 -39
0 0 -342 -39
0 0 -342 -39
0 0 -342 -39
0 0 -342 -39
0 0 -342 -39
0 0 -342 -39
0 0 -342 -39
0 0 -342 -39
0 0 -342 -39
0 0 -342 -39
0 0 -342 -39
0 0 -342 -39
0 0 -342 -39
0 0 -342 -39
0 0 -342 -39
0 0 -342 -39
0 0 -342 -39
0 0 -342 -39
0 0 -342 -39
0 0 -342 -39
0 0 -342 -39
0 0 -342 -39
0 0 -342 -39
0 0 -342 -39
0 0 -342 -39
0 0 -342 -39
0 0 -342 -39
0 0 -342 -39
0 0 -342 -39
0 0 -342 -39
0 0 -342 -39
0 0 -342 -39
0 0 -342 -39
0 0 -342 -39
0 0 -342 -39
0 0 -342 -39
0 0 -342 -39
0 0 -342 -39
0 0 -342 -39
0 0 -342 -39
0 0 -342 -39
0 0 -342 -39
0 0 -342 -39
0 0 -342 -39
0 0 -342 -39
0 0 -342 -39
0 0 -342 -39
0 0 -342 -39
0 0 -342 -39
0 0 -342 -39
0 0 -342 -39
0 0 -342 -39
0 0 -342 -39
0 0 -342 -39
0 0 -342 -39
0 0 -342 -39
0 0 -342 -39
0 0 -342 -39
0 0 -342 -39
0 0 -342 -39
0 0 -342 -39
0 0 -342 -39
0 0 -342 -39
0 0 -342 -39
0 0 -342 -39
0 0 -342 -39
0 0 -342 -39
0 0 -342 -39
0 0 -342 -39
0 0 -342 -39
0 0 -342 -39
0 0 -342 -39
0 0 -342 -39
0 0 -342 -39
0 0 -342 -39
0 0 -342 -39
0 0 -342 -39
0 0 -342 -39
0 0 -342 -39
0 0 -342 -39
0 0 -342 -39
0 0 -342 -39
0 0 -342 -39
0 0 -342 -39
0 0 -342 -39
0 0 -342 -39
0 0 -342 -39
0 0 -342 -39
0 0 -342 -39
0 0 -342 -39
0 0 -342 -39
0 0 -342 -39
0 0 -342 -39
0 0 -342 -39
0 0 -342 -39
0 0 -342 -39
0 0 -342 -39
0 0 -342 -39
0 0 -342 -39
0 0 -342 -39
0 0 -342 -39
0 0 -342 -39
0 0 -342 -39
0 0 -342 -39
0 0 -342 -39
0 0 -342 -39
0 0 -342 -39
0 0 -342 -39
0 0 -342 -39
0 0 -342 -39
0 0 -342 -39
0 0 -342 -39
0 0 -342 -39
0 0 -342 -39
0 0 -342 -39
0 0 -342 -39
0 0 -342 -39
0 0 -342 -39
0 0 -342 -39
0 0 -342 -39
0 0 -342 -39
0 0 -342 -39
0 0 -342 -39
0 0 -342 -39
0 0 -342 -39
0 0 -342 -39
0 0 -342 -39
0 0 -342 -39
0 0 -342 -39
0 0 -342 -39
0 0 -342 -39
0 0 -342 -39
0 0 -342 -39
0 0 -342 -39
0 0 -342 -39
0 0 -342 -39
0 0 -342 -39
0 0 -342 -39
0 0 -342 -39
0 0 -342 -39
0 0 -342 -39
0 0 -342 -39
0 0 -342 -39
0 0 -342 -39
0 0 -342 -39
0 0 -342 -39
0 0 -342 -39
0 0 -342 -39
0 0 -342 -39
0 0 -342 -39
0 0 -342 -39
0 0 -342 -39
0 0 -342 -39
0 0 -342 -39
0 0 -342 -39
0 0 -342 -39
0 0 -342 -39
0 0 -342 -39
0 0 -342 -39
0 0 -342 -39
0 0 -342 -39
0 0 -342 -39
0 0 -342 -39
0 0 -342 -39
0 0 -342 -39
0 0 -342 -39
0 0 -342 -39
0 0 -342 -39
0 0 -342 -39
0 0 -342 -39
0 0 -342 -39
0 0 -342 -39
0 0 -342 -39
0 0 -342 -39
0 0 -342 -39
0 0 -342 -39
0 0 -342 -39
0 0 -342 -39
0 0 -342 -39
0 0 -342 -39
0 0 -342 -39
0 0 -342 -39
0 0 -342 -39
0 0 -342 -39
0 0 -342 -39
0 0 -342 -39
0 0 -342 -39
0 0 -342 -39
0 0 -342 -39
0 0 -342 -39
0 0 -342 -39
0 0 -342 -39
0 0 -342 -39
0 0 -342 -39
0 0 -342 -39
0 0 -342 -39
0 0 -342 -39
0 0 -342 -39
0 0 -342 -39
0 0 -342 -39
0 0 -342 -39
0 0 -342 -39
0 0 -342 -39
0 0 -342 -39
0 0 -342 -39
0 0 -342 -39
0 0 -342 -39
0 0 -342 -39
0 0 -342 -39
0 0 -342 -39
0 0 -342 -39
0 0 -342 -39
0 0 -342 -39
0 0 -342 -39
0 0 -342 -39
0 0 -342 -39
0 0 -342 -39
0 0 -342 -39
0 0 -342 -39
0 0 -342 -39
0 0 -342 -39
0 0 -342 -39
0 0 -342 -39
0 0 -342 -39
0 0 -342 -39
0 0 -342 -39
0 0 -342 -39
0 0 -342 -39
0 0 -342 -39
0 0 -342 -39
0 0 -342 -39
0 0 -342 -39
0 0 -342 -39
0 0 -342 -39
0 0 -342 -39
0 0 -342 -39
0 0 -342 -39
0 0 -342 -39
0 0 -342 -39
0 0 -342 -39
0 0 -342 -39
0 0 -342 -39
0 0 -342 -39
0 0 -342 -39
0 0 -342 -39
0 0 -342 -39
0 0 -342 -39
0 0 -342 -39
0 0 -342 -39
0 0 -342 -39
0 0 -342 -39
0 0 -342 -39
0 0 -342 -39
0 0 -342 -39
0 0 -342 -39
0 0 -342 -39
0 0 -342 -39
0 0 -342 -39
0 0 -342 -39
0 0 -342 -39
0 0 -342 -39
0 0 -342 -39
0 0 -342 -39
0 0 -342 -39
0 0 -342 -39
0 0 -342 -39
0 0 -342 -39
0 0 -342 -39
0 0 -342 -39
0 0 -342 -39
0 0 -342 -39
0 0 -342 -39
0 0 -342 -39
0 0 -342 -39
0 0 -342 -39
0 0 -342 -39
0 0 -342 -39
0 0 -342 -39
0 0 -342 -39
0 0 -342 -39
0 0 -342 -39
0 0 -342 -39
0 0 -342 -39
0 0 -342 -39
0 0 -342 -39
0 0 -342 -39
0 0 -342 -39
0 0 -342 -39
0 0 -342 -39
0 0 -342 -39
0 0 -342 -39
0 0 -342 -39
0 0 -342 -39
0 0 -342 -39
0 0 -342 -39
0 0 -342 -39
-31 -10 -373 -49
-13 1 -386 -48
14 -5 -372 -53
6 8 -366 -45
1 4 -365 -41
26 19 -339 -22
31 21 -308 -1
0 0 -308 -1
0 0 -308 -1
0 0 -308 -1
0 0 -308 -1
0 0 -308 -1
0 0 -308 -1
0 0 -308 -1
0 0 -308 -1
0 0 -308 -1
0 0 -308 -1
0 0 -308 -1
0 0 -308 -1
0 0 -308 -1
0 0 -308 -1
0 0 -308 -1
0 0 -308 -1
0 0 -308 -1
0 0 -308 -1
0 0 -308 -1
0 0 -308 -1
0 0 -308 -1
0 0 -308 -1
0 0 -308 -1
0 0 -308 -1
0 0 -308 -1
0 0 -308 -1
0 0 -308 -1
0 0 -308 -1
0 0 -308 -1
13 0 -295 -1
-10 0 -305 -1
-10 16 -315 15
0 0 -315 15
0 0 -315 15
0 0 -315 15
0 0 -315 15
0 0 -315 15
0 0 -315 15
2 16 -313 31
15 -9 -298 22
13 -11 -285 11
5 3 -280 14
0 0 -280 14
-4 -1 -284 13
-12 -3 -296 10
0 0 -296 10
0 1 -296 11
4 -8 -292 3
-12 -3 -304 0
-1 -3 -305 -3
12 -5 -293 -8
12 -2 -281 -10
-3 2 -284 -8
0 0 -284 -8
8 -6 -276 -14
0 0 -276 -14
8 -6 -268 -20
-9 -9 -277 -29
0 0 -277 -29
0 0 -277 -29
0 0 -277 -29
0 0 -277 -29
0 0 -277 -29
0 0 -277 -29
0 0 -277 -29
0 0 -277 -29
0 0 -277 -29
0 0 -277 -29
0 0 -277 -29
0 0 -277 -29
0 0 -277 -29
0 0 -277 -29
11 -4 -266 -33
2 38 -264 5
-14 -25 -278 -20
7 -2 -271 -22
0 0 -271 -22
0 0 -271 -22
0 0 -271 -22
0 0 -271 -22
0 0 -271 -22
0 0 -271 -22
0 0 -271 -22
0 0 -271 -22
0 0 -271 -22
-1 4 -272 -18
-1 -2 -273 -20
19 10 -254 -10
8 2 -246 -8
0 21 -246 13
3 21 -243 34
-11 15 -254 49
0 0 -254 49
0 0 -254 49
-3 -17 -257 32
11 -23 -246 9
7 15 -239 24
0 0 -239 24
0 0 -239 24
6 -1 -233 23
1 5 -232 28
16 -5 -216 23
3 13 -213 36
6 10 -207 46
13 10 -194 56
13 10 -181 66
-25 5 -206 71
-17 5 -223 76
0 0 -223 76
0 0 -223 76
0 0 -223 76
0 0 -223 76
0 0 -223 76
0 0 -223 76
0 0 -223 76
21 18 -202 94
13 8 -189 102
-6 -3 -195 99
7 13 -188 112
4 4 -184 116
7 -2 -177 114
7 -4 -170 110
-8 19 -178 129
0 0 -178 129
0 0 -178 129
5 -36 -173 93
11 10 -162 103
2 16 -160 119
-3 5 -163 124
-12 -15 -175 109
7 0 -168 109
9 -2 -159 107
6 5 -153 112
0 0 -153 112
0 0 -153 112
0 0 -153 112
0 0 -153 112
0 0 -153 112
0 0 -153 112
0 0 -153 112
0 0 -153 112
0 0 -153 112
0 0 -153 112
0 0 -153 112
0 0 -153 112
0 0 -153 112
0 0 -153 112
0 0 -153 112
0 0 -153 112
0 0 -153 112
0 0 -153 112
0 0 -153 112
0 0 -153 112
0 0 -153 112
0 0 -153 112
0 0 -153 112
0 0 -153 112
0 0 -153 112
0 0 -153 112
0 0 -153 112
0 0 -153 112
0 0 -153 112
0 0 -153 112
0 0 -153 112
0 0 -153 112
4 -8 -149 104
-5 -10 -154 94
3 -7 -151 87
10 1 -141 88
6 2 -135 90
0 5 -135 95
-6 8 -141 103
-7 5 -148 108
7 -9 -141 99
-7 6 -148 105
-4 4 -152 109
-5 17 -157 126
-11 -8 -168 118
-3 -3 -171 115
10 -1 -161 114
1 -6 -160 108
1 -2 -159 106
-4 -3 -163 103
-2 3 -165 106
0 5 -165 111
0 -7 -165 104
2 -3 -163 101
2 11 -161 112
2 20 -159 132
-7 5 -166 137
0 -11 -166 126
0 10 -166 136
1 4 -165 140
0 0 -165 140
0 0 -165 140
13 9 -152 149
0 0 -152 149
-12 6 -164 155
5 7 -159 162
-5 5 -164 167
-3 9 -167 176
-8 7 -175 183
-4 7 -179 190
-10 5 -189 195
-3 5 -192 200
-6 5 -198 205
-5 -5 -203 200
-2 3 -205 203
1 -12 -204 191
3 -9 -201 182
3 0 -198 182
0 2 -198 184
1 0 -197 184
2 0 -195 184
3 0 -192 184
8 -3 -184 181
7 -7 -177 174
0 4 -177 178
10 -8 -167 170
0 0 -167 170
3 1 -164 171
0 -2 -164 169
0 -3 -164 166
0 0 -164 166
0 5 -164 171
0 -3 -164 168
3 1 -161 169
-1 4 -162 173
-6 1 -168 174
0 0 -168 174
0 0 -168 174
7 5 -161 179
0 0 -161 179
0 -1 -161 178
0 0 -161 178
0 0 -161 178
0 0 -161 178
-3 -2 -164 176
-3 2 -167 178
-3 -5 -170 173
2 -1 -168 172
0 0 -168 172
-2 -2 -170 170
0 0 -170 170
-2 0 -172 170
2 -5 -170 165
0 0 -170 165
3 -3 -167 162
0 1 -167 163
0 0 -167 163
0 -1 -167 162
0 -4 -167 158
1 -2 -166 156
1 -2 -165 154
0 0 -165 154
-1 1 -166 155
0 0 -166 155
0 0 -166 155
-1 0 -167 155
7 -8 -160 147
0 0 -160 147
-1 -2 -161 145
0 0 -161 145
-2 0 -163 145
-10 -3 -173 142
3 -3 -170 139
-1 5 -171 144
0 -3 -171 141
-2 -4 -173 137
0 -1 -173 136
-1 1 -174 137
0 0 -174 137
3 2 -171 139
0 0 -171 139
1 1 -170 140
0 0 -170 140
-4 -1 -174 139
-3 3 -177 142
-3 4 -180 146
-2 8 -182 154
2 0 -180 154
-6 2 -186 156
0 -1 -186 155
-1 4 -187 159
0 -1 -187 158
-7 -4 -194 154
-2 1 -196 155
2 1 -194 156
-5 -3 -199 153
-2 -3 -201 150
3 3 -198 153
0 0 -198 153
0 -1 -198 152
0 0 -198 152
-5 -1 -203 151
-1 0 -204 151
-2 -1 -206 150
-5 0 -211 150
-5 -1 -216 149
0 0 -216 149
-1 0 -217 149
-1 -7 -218 142
5 -9 -213 133
-1 0 -214 133
4 -4 -210 129
-4 0 -214 129
-4 0 -218 129
2 2 -216 131
-5 4 -221 135
1 -4 -220 131
2 -6 -218 125
0 -1 -218 124
0 -7 -218 117
-5 1 -223 118
-10 1 -233 119
-6 1 -239 120
-8 -5 -247 115
-3 -10 -250 105
-21 -2 -271 103
-9 0 -280 103
-13 -8 -293 95
-8 -2 -301 93
0 0 -301 93
0 0 -301 93
1 -10 -300 83
-2 2 -302 85
0 -10 -302 75
-3 -5 -305 70
-2 -7 -307 63
4 -5 -303 58
-2 -3 -305 55
-1 2 -306 57
-6 -3 -312 54
3 3 -309 57
0 -1 -309 56
2 -9 -307 47
5 -3 -302 44
-3 0 -305 44
-4 -2 -309 42
0 3 -309 45
-5 -9 -314 36
-3 -22 -317 14
-4 -20 -321 -6
-2 2 -323 -4
5 9 -318 5
6 5 -312 10
2 14 -310 24
3 8 -307 32
11 10 -296 42
0 0 -296 42
6 13 -290 55
3 16 -287 71
0 1 -287 72
3 8 -284 80
-2 5 -286 85
-5 -9 -291 76
-5 -16 -296 60
-7 -12 -303 48
-3 -8 -306 40
0 0 -306 40
-11 -18 -317 22
-1 0 -318 22
2 11 -316 33
5 17 -311 50
-10 -5 -321 45
-3 -9 -324 36
-8 -5 -332 31
0 0 -332 31
1 -8 -331 23
0 -15 -331 8
0 0 -331 8
7 -8 -324 0
-7 -13 -331 -13
2 -10 -329 -23
0 -8 -329 -31
1 -4 -328 -35
-2 3 -330 -32
2 -5 -328 -37
5 -5 -323 -42
1 -7 -322 -49
-1 -6 -323 -55
-1 0 -324 -55
10 -1 -314 -56
0 -9 -314 -65
0 -11 -314 -76
0 -10 -314 -86
0 -9 -314 -95
3 2 -311 -93
4 -1 -307 -94
-20 -8 -327 -102
3 -5 -324 -107
-2 -4 -326 -111
9 1 -317 -110
-1 -13 -318 -123
-1 13 -319 -110
-3 4 -322 -106
1 -10 -321 -116
-5 0 -326 -116
0 4 -326 -112
-1 9 -327 -103
-1 -1 -328 -104
0 -4 -328 -108
-8 -3 -336 -111
-5 -1 -341 -112
2 1 -339 -111
-7 7 -346 -104
-5 7 -351 -97
-11 -16 -362 -113
-6 3 -368 -110
-3 -18 -371 -128
2 10 -369 -118
5 17 -364 -101
0 18 -364 -83
-6 20 -370 -63
0 -11 -370 -74
-5 2 -375 -72
-3 12 -378 -60
8 15 -370 -45
-5 7 -375 -38
0 -16 -375 -54
0 0 -375 -54
0 0 -375 -54
0 0 -375 -54
0 0 -375 -54
0 -4 -375 -58
8 -5 -367 -63
11 -15 -356 -78
13 -11 -343 -89
15 -18 -328 -107
-6 5 -334 -102
0 0 -334 -102
0 0 -334 -102
0 0 -334 -102
4 -6 -330 -108
0 -14 -330 -122
-3 -5 -333 -127
8 -6 -325 -133
0 -9 -325 -142
0 0 -325 -142
0 0 -325 -142
0 0 -325 -142
0 0 -325 -142
3 -2 -322 -144
0 0 -322 -144
0 0 -322 -144
0 0 -322 -144
0 0 -322 -144
0 0 -322 -144
