3 1 3 1
2 8 5 9
6 2 11 11
2 -8 13 3
5 1 18 4
11 0 29 4
9 8 38 12
7 3 45 15
0 1 45 16
-10 -1 35 15
0 13 35 28
-5 -3 30 25
0 9 30 34
8 11 38 45
-2 7 36 52
5 4 41 56
12 1 53 57
-20 26 33 83
11 12 44 95
0 0 44 95
0 0 44 95
0 0 44 95
22 -9 66 86
8 13 74 99
3 -3 77 96
8 21 85 117
0 0 85 117
0 0 85 117
14 -3 99 114
19 -4 118 110
5 -7 123 103
11 -2 134 101
2 -12 136 89
1 1 137 90
7 -3 144 87
10 -15 154 72
-1 -4 153 68
0 0 153 68
0 0 153 68
0 0 153 68
0 0 153 68
0 0 153 68
0 0 153 68
0 0 153 68
0 0 153 68
0 0 153 68
0 0 153 68
0 0 153 68
0 0 153 68
0 0 153 68
0 0 153 68
0 0 153 68
0 0 153 68
0 0 153 68
0 0 153 68
0 0 153 68
0 0 153 68
0 0 153 68
0 0 153 68
0 0 153 68
0 0 153 68
0 0 153 68
0 0 153 68
0 0 153 68
0 0 153 68
0 0 153 68
0 0 153 68
0 0 153 68
0 0 153 68
0 0 153 68
0 0 153 68
0 0 153 68
0 0 153 68
0 0 153 68
0 0 153 68
0 0 153 68
0 0 153 68
0 0 153 68
0 0 153 68
0 0 153 68
0 0 153 68
0 0 153 68
0 0 153 68
0 0 153 68
0 0 153 68
0 0 153 68
0 0 153 68
0 0 153 68
0 0 153 68
0 0 153 68
0 0 153 68
0 0 153 68
0 0 153 68
0 0 153 68
0 0 153 68
0 0 153 68
0 0 153 68
0 0 153 68
0 0 153 68
0 0 153 68
0 0 153 68
0 0 153 68
0 0 153 68
0 0 153 68
0 0 153 68
0 0 153 68
0 0 153 68
0 0 153 68
0 0 153 68
0 0 153 68
0 0 153 68
0 0 153 68
0 0 153 68
0 0 153 68
0 0 153 68
0 0 153 68
0 0 153 68
0 0 153 68
0 0 153 68
0 0 153 68
0 0 153 68
0 0 153 68
0 0 153 68
0 0 153 68
0 0 153 68
0 0 153 68
0 0 153 68
0 0 153 68
0 0 153 68
0 0 153 68
0 0 153 68
0 0 153 68
0 0 153 68
0 0 153 68
0 0 153 68
0 0 153 68
0 0 153 68
0 0 153 68
0 0 153 68
0 0 153 68
0 0 153 68
0 0 153 68
0 0 153 68
0 0 153 68
0 0 153 68
0 0 153 68
0 0 153 68
0 0 153 68
0 0 153 68
0 0 153 68
0 0 153 68
0 0 153 68
0 0 153 68
0 0 153 68
0 0 153 68
0 0 153 68
0 0 153 68
0 0 153 68
0 0 153 68
0 0 153 68
0 0 153 68
0 0 153 68
0 0 153 68
0 0 153 68
0 0 153 68
0 0 153 68
0 0 153 68
0 0 153 68
0 0 153 68
0 0 153 68
0 0 153 68
0 0 153 68
0 0 153 68
0 0 153 68
0 0 153 68
0 0 153 68
0 0 153 68
0 0 153 68
0 0 153 68
0 0 153 68
0 0 153 68
0 0 153 68
0 0 153 68
0 0 153 68
0 0 153 68
0 0 153 68
0 0 153 68
0 0 153 68
0 0 153 68
0 0 153 68
0 0 153 68
0 0 153 68
0 0 153 68
0 0 153 68
0 0 153 68
0 0 153 68
0 0 153 68
0 0 153 68
0 0 153 68
0 0 153 68
0 0 153 68
0 0 153 68
0 0 153 68
0 0 153 68
0 0 153 68
0 0 153 68
0 0 153 68
0 0 153 68
0 0 153 68
0 0 153 68
0 0 153 68
0 0 153 68
0 0 153 68
0 0 153 68
0 0 153 68
0 0 153 68
0 0 153 68
0 0 153 68
0 0 153 68
0 0 153 68
0 0 153 68
0 0 153 68
0 0 153 68
0 0 153 68
0 0 153 68
0 0 153 68
0 0 153 68
0 0 153 68
0 0 153 68
0 0 153 68
0 0 153 68
0 0 153 68
0 0 153 68
0 0 153 68
0 0 153 68
0 0 153 68
0 0 153 68
0 0 153 68
0 0 153 68
0 0 153 68
0 0 153 68
0 0 153 68
0 0 153 68
0 0 153 68
0 0 153 68
0 0 153 68
0 0 153 68
0 0 153 68
0 0 153 68
0 0 153 68
0 0 153 68
0 0 153 68
0 0 153 68
0 0 153 68
0 0 153 68
0 0 153 68
0 0 153 68
0 0 153 68
0 0 153 68
0 0 153 68
0 0 153 68
0 0 153 68
0 0 153 68
0 0 153 68
0 0 153 68
0 0 153 68
0 0 153 68
0 0 153 68
0 0 153 68
0 0 153 68
0 0 153 68
0 0 153 68
0 0 153 68
0 0 153 68
0 0 153 68
0 0 153 68
0 0 153 68
0 0 153 68
0 0 153 68
0 0 153 68
0 0 153 68
0 0 153 68
0 0 153 68
0 0 153 68
0 0 153 68
0 0 153 68
0 0 153 68
0 0 153 68
0 0 153 68
0 0 153 68
0 0 153 68
0 0 153 68
0 0 153 68
0 0 153 68
0 0 153 68
0 0 153 68
0 0 153 68
0 0 153 68
0 0 153 68
0 0 153 68
0 0 153 68
0 0 153 68
0 0 153 68
0 0 153 68
0 0 153 68
0 0 153 68
0 0 153 68
0 0 153 68
0 0 153 68
0 0 153 68
0 0 153 68
0 0 153 68
0 0 153 68
0 0 153 68
0 0 153 68
0 0 153 68
0 0 153 68
0 0 153 68
0 0 153 68
0 0 153 68
0 0 153 68
0 0 153 68
0 0 153 68
0 0 153 68
0 0 153 68
0 0 153 68
0 0 153 68
0 0 153 68
0 0 153 68
0 0 153 68
0 0 153 68
0 0 153 68
0 0 153 68
0 0 153 68
0 0 153 68
0 0 153 68
0 0 153 68
0 0 153 68
0 0 153 68
0 0 153 68
0 0 153 68
0 0 153 68
0 0 153 68
0 0 153 68
0 0 153 68
0 0 153 68
0 0 153 68
0 0 153 68
0 0 153 68
0 0 153 68
0 0 153 68
0 0 153 68
0 0 153 68
0 0 153 68
0 0 153 68
0 0 153 68
0 0 153 68
0 0 153 68
0 0 153 68
0 0 153 68
0 0 153 68
0 0 153 68
0 0 153 68
0 0 153 68
0 0 153 68
0 0 153 68
0 0 153 68
0 0 153 68
0 0 153 68
0 0 153 68
0 0 153 68
0 0 153 68
0 0 153 68
0 0 153 68
0 0 153 68
0 0 153 68
0 0 153 68
0 0 153 68
0 0 153 68
0 0 153 68
0 0 153 68
0 0 153 68
0 0 153 68
0 0 153 68
0 0 153 68
0 0 153 68
0 0 153 68
0 0 153 68
0 0 153 68
0 0 153 68
0 0 153 68
0 0 153 68
0 0 153 68
0 0 153 68
0 0 153 68
0 0 153 68
0 0 153 68
0 0 153 68
0 0 153 68
0 0 153 68
0 0 153 68
0 0 153 68
0 0 153 68
0 0 153 68
0 0 153 68
0 0 153 68
0 0 153 68
0 0 153 68
0 0 153 68
0 0 153 68
0 0 153 68
0 0 153 68
0 0 153 68
0 0 153 68
0 0 153 68
0 0 153 68
0 0 153 68
0 0 153 68
0 0 153 68
0 0 153 68
0 0 153 68
0 0 153 68
0 0 153 68
0 0 153 68
0 0 153 68
0 0 153 68
0 0 153 68
0 0 153 68
0 0 153 68
0 0 153 68
0 0 153 68
0 0 153 68
-1 0 152 68
0 18 152 86
7 -2 159 84
4 -12 163 72
20 -15 183 57
8 -18 191 39
2 -6 193 33
-6 -11 187 22
-16 9 171 31
0 -15 171 16
-13 3 158 19
0 0 158 19
6 -7 164 12
12 1 176 13
-9 7 167 20
0 0 167 20
0 0 167 20
0 0 167 20
7 -23 174 -3
-3 -33 171 -36
0 0 171 -36
0 0 171 -36
0 0 171 -36
0 0 171 -36
0 0 171 -36
0 0 171 -36
0 0 171 -36
0 0 171 -36
0 0 171 -36
0 0 171 -36
0 0 171 -36
0 0 171 -36
0 0 171 -36
0 0 171 -36
0 0 171 -36
0 0 171 -36
0 0 171 -36
0 0 171 -36
0 0 171 -36
0 0 171 -36
0 0 171 -36
0 0 171 -36
-7 0 164 -36
0 0 164 -36
0 0 164 -36
0 0 164 -36
0 0 164 -36
0 0 164 -36
0 0 164 -36
0 0 164 -36
0 0 164 -36
0 0 164 -36
0 0 164 -36
0 0 164 -36
0 0 164 -36
0 0 164 -36
0 0 164 -36
0 0 164 -36
0 0 164 -36
0 0 164 -36
0 0 164 -36
0 0 164 -36
0 0 164 -36
0 0 164 -36
0 0 164 -36
0 0 164 -36
0 0 164 -36
0 0 164 -36
0 0 164 -36
0 0 164 -36
0 0 164 -36
0 0 164 -36
0 0 164 -36
0 0 164 -36
0 0 164 -36
0 0 164 -36
0 0 164 -36
0 0 164 -36
0 0 164 -36
0 0 164 -36
0 0 164 -36
0 0 164 -36
0 0 164 -36
0 0 164 -36
0 0 164 -36
0 0 164 -36
0 0 164 -36
0 0 164 -36
0 0 164 -36
0 0 164 -36
0 0 164 -36
0 0 164 -36
0 0 164 -36
0 0 164 -36
0 0 164 -36
0 0 164 -36
0 0 164 -36
0 0 164 -36
0 0 164 -36
0 0 164 -36
0 0 164 -36
0 0 164 -36
0 0 164 -36
0 0 164 -36
0 0 164 -36
0 0 164 -36
0 0 164 -36
0 0 164 -36
0 0 164 -36
0 0 164 -36
0 0 164 -36
0 0 164 -36
0 0 164 -36
0 0 164 -36
0 0 164 -36
0 0 164 -36
0 0 164 -36
0 0 164 -36
0 0 164 -36
0 0 164 -36
0 0 164 -36
0 0 164 -36
0 0 164 -36
0 0 164 -36
-8 -15 156 -51
-5 -16 151 -67
0 0 151 -67
5 12 156 -55
0 0 156 -55
0 0 156 -55
0 0 156 -55
0 0 156 -55
0 0 156 -55
0 0 156 -55
0 0 156 -55
0 0 156 -55
0 0 156 -55
0 0 156 -55
0 0 156 -55
0 0 156 -55
0 0 156 -55
0 0 156 -55
0 0 156 -55
0 0 156 -55
0 0 156 -55
0 0 156 -55
0 0 156 -55
2 -2 158 -57
2 -1 160 -58
0 10 160 -48
0 -12 160 -60
14 -7 174 -67
4 -17 178 -84
14 18 192 -66
0 -19 192 -85
4 -9 196 -94
11 20 207 -74
9 0 216 -74
0 -7 216 -81
-5 11 211 -70
2 -1 213 -71
2 -8 215 -79
-10 -24 205 -103
12 0 217 -103
4 -16 221 -119
-3 -3 218 -122
-1 -6 217 -128
5 -8 222 -136
-2 -3 220 -139
0 2 220 -137
-5 0 215 -137
-6 11 209 -126
-5 9 204 -117
11 -4 215 -121
-5 8 210 -113
7 12 217 -101
-3 8 214 -93
-6 10 208 -83
-7 17 201 -66
-3 -14 198 -80
0 3 198 -77
0 0 198 -77
1 8 199 -69
9 -26 208 -95
7 -31 215 -126
-8 25 207 -101
-12 26 195 -75
-6 13 189 -62
-8 -8 181 -70
6 12 187 -58
-5 0 182 -58
2 -12 184 -70
-4 5 180 -65
0 -6 180 -71
0 -8 180 -79
3 -10 183 -89
-1 -2 182 -91
2 0 184 -91
4 -4 188 -95
-2 3 186 -92
0 -2 186 -94
0 0 186 -94
0 -4 186 -98
0 9 186 -89
0 -3 186 -92
0 0 186 -92
9 -3 195 -95
10 0 205 -95
0 0 205 -95
-10 0 195 -95
13 -6 208 -101
4 -4 212 -105
10 -14 222 -119
0 -5 222 -124
-10 16 212 -108
-10 8 202 -100
0 0 202 -100
-5 -1 197 -101
-18 -6 179 -107
24 7 203 -100
-15 -6 188 -106
7 -3 195 -109
-1 -3 194 -112
7 8 201 -104
10 0 211 -104
7 9 218 -95
7 4 225 -91
-8 -10 217 -101
8 7 225 -94
2 4 227 -90
0 -9 227 -99
-5 -15 222 -114
-3 -15 219 -129
9 -8 228 -137
-3 -11 225 -148
0 10 225 -138
2 9 227 -129
-3 4 224 -125
0 3 224 -122
1 1 225 -121
-5 1 220 -120
-5 0 215 -120
2 0 217 -120
-4 8 213 -112
0 1 213 -111
-1 0 212 -111
2 -11 214 -122
10 5 224 -117
0 0 224 -117
1 1 225 -116
-6 0 219 -116
-6 6 213 -110
-10 0 203 -110
16 7 219 -103
-4 3 215 -100
0 -8 215 -108
-5 1 210 -107
15 -3 225 -110
9 7 234 -103
-5 0 229 -103
14 2 243 -101
-1 7 242 -94
6 -2 248 -96
0 0 248 -96
0 0 248 -96
0 0 248 -96
0 0 248 -96
0 0 248 -96
0 0 248 -96
0 0 248 -96
0 0 248 -96
0 0 248 -96
0 0 248 -96
0 0 248 -96
0 0 248 -96
0 0 248 -96
0 0 248 -96
0 0 248 -96
0 0 248 -96
0 0 248 -96
0 0 248 -96
-8 -6 240 -102
0 -5 240 -107
-10 1 230 -106
-9 -2 221 -108
3 1 224 -107
6 -8 230 -115
-3 8 227 -107
-6 10 221 -97
-1 2 220 -95
0 0 220 -95
0 1 220 -94
-5 12 215 -82
-5 5 210 -77
-7 4 203 -73
0 7 203 -66
-3 -1 200 -67
1 1 201 -66
-6 5 195 -61
0 0 195 -61
0 0 195 -61
-11 -3 184 -64
27 5 211 -59
-8 2 203 -57
12 -4 215 -61
-7 9 208 -52
3 -6 211 -58
22 -25 233 -83
-31 -9 202 -92
-5 -11 197 -103
-26 -6 171 -109
1 -1 172 -110
7 11 179 -99
-4 -2 175 -101
6 -14 181 -115
-1 -3 180 -118
-6 -7 174 -125
0 -4 174 -129
-14 -5 160 -134
1 12 161 -122
15 0 176 -122
1 -6 177 -128
2 -23 179 -151
3 16 182 -135
1 34 183 -101
13 -16 196 -117
17 -35 213 -152
31 -10 244 -162
6 7 250 -155
-2 3 248 -152
4 6 252 -146
-27 0 225 -146
5 -7 230 -153
0 0 230 -153
0 0 230 -153
19 -2 249 -155
9 -10 258 -165
1 -9 259 -174
10 0 269 -174
-8 8 261 -166
8 -4 269 -170
6 -3 275 -173
4 -13 279 -186
14 10 293 -176
2 -5 295 -181
-9 2 286 -179
-5 3 281 -176
-6 -1 275 -177
-3 7 272 -170
-1 4 271 -166
0 6 271 -160
-8 1 263 -159
-4 7 259 -152
-7 6 252 -146
0 -7 252 -153
-2 0 250 -153
3 1 253 -152
6 5 259 -147
-12 -1 247 -148
9 -5 256 -153
9 -20 265 -173
-5 10 260 -163
-9 7 251 -156
-6 7 245 -149
0 0 245 -149
0 0 245 -149
0 0 245 -149
13 0 258 -149
0 -2 258 -151
5 -13 263 -164
2 1 265 -163
1 4 266 -159
6 -5 272 -164
4 0 276 -164
5 3 281 -161
1 3 282 -158
2 5 284 -153
-2 0 282 -153
1 2 283 -151
1 1 284 -150
0 -1 284 -151
4 -3 288 -154
-2 -3 286 -157
-1 -5 285 -162
0 0 285 -162
2 -4 287 -166
0 0 287 -166
-1 3 286 -163
2 3 288 -160
2 1 290 -159
0 -3 290 -162
-2 -1 288 -163
1 0 289 -163
0 -1 289 -164
-2 -8 287 -172
0 3 287 -169
-3 1 284 -168
-8 -4 276 -172
-9 0 267 -172
0 -2 267 -174
9 -12 276 -186
-7 9 269 -177
-14 11 255 -166
-7 -6 248 -172
-3 0 245 -172
-5 0 240 -172
-8 0 232 -172
15 -4 247 -176
22 9 269 -167
-21 1 248 -166
0 0 248 -166
2 0 250 -166
6 -2 256 -168
0 13 256 -155
-5 0 251 -155
0 0 251 -155
-2 8 249 -147
0 0 249 -147
-8 -1 241 -148
0 0 241 -148
13 -15 254 -163
-12 21 242 -142
19 -32 261 -174
0 -5 261 -179
-7 10 254 -169
-3 3 251 -166
0 0 251 -166
0 0 251 -166
0 0 251 -166
0 0 251 -166
0 0 251 -166
0 0 251 -166
24 -26 275 -192
0 -10 275 -202
3 -8 278 -210
-11 3 267 -207
3 -5 270 -212
1 1 271 -211
2 -3 273 -214
0 1 273 -213
5 8 278 -205
0 -10 278 -215
0 0 278 -215
-8 0 270 -215
-3 -2 267 -217
0 -2 267 -219
-10 -8 257 -227
-12 -5 245 -232
-10 0 235 -232
-7 -4 228 -236
0 -9 228 -245
-7 -2 221 -247
-7 5 214 -242
0 -1 214 -243
3 -1 217 -244
6 0 223 -244
3 0 226 -244
-14 -5 212 -249
-10 -7 202 -256
8 2 210 -254
0 7 210 -247
-1 -9 209 -256
0 4 209 -252
0 4 209 -248
8 5 217 -243
-5 -4 212 -247
5 -3 217 -250
2 -5 219 -255
-6 3 213 -252
6 7 219 -245
4 5 223 -240
-1 0 222 -240
2 3 224 -237
2 1 226 -236
-4 -2 222 -238
3 -2 225 -240
5 -3 230 -243
-1 0 229 -243
1 0 230 -243
-4 0 226 -243
-12 4 214 -239
-2 4 212 -235
-7 -4 205 -239
-7 1 198 -238
-1 -1 197 -239
13 -11 210 -250
-15 6 195 -244
-7 17 188 -227
-4 15 184 -212
0 4 184 -208
8 4 192 -204
4 17 196 -187
-1 -3 195 -190
3 6 198 -184
10 16 208 -168
9 7 217 -161
-1 3 216 -158
-3 8 213 -150
-6 0 207 -150
0 0 207 -150
-1 1 206 -149
-5 2 201 -147
-4 1 197 -146
3 0 200 -146
0 0 200 -146
10 3 210 -143
4 4 214 -139
7 5 221 -134
4 1 225 -133
7 12 232 -121
0 -2 232 -123
3 6 235 -117
13 13 248 -104
2 18 250 -86
-5 -17 245 -103
-6 -5 239 -108
2 1 241 -107
11 16 252 -91
-1 0 251 -91
-2 -6 249 -97
8 3 257 -94
-10 -5 247 -99
10 3 257 -96
4 0 261 -96
0 0 261 -96
-2 -3 259 -99
0 0 259 -99
0 0 259 -99
-7 -5 252 -104
-5 0 247 -104
15 14 262 -90
-6 -4 256 -94
-1 0 255 -94
-6 -13 249 -107
-4 -5 245 -112
-4 0 241 -112
6 12 247 -100
0 -1 247 -101
-6 -1 241 -102
-7 -9 234 -111
-2 -4 232 -115
-1 -2 231 -117
-3 0 228 -117
-24 0 204 -117
25 -3 229 -120
14 -4 243 -124
0 0 243 -124
-1 -3 242 -127
18 -13 260 -140
0 0 260 -140
-19 22 241 -118
15 -15 256 -133
-15 10 241 -123
-6 17 235 -106
6 16 241 -90
-8 -30 233 -120
-7 4 226 -116
-13 0 213 -116
0 0 213 -116
0 0 213 -116
-7 15 206 -101
7 -11 213 -112
-8 15 205 -97
-9 -2 196 -99
-5 -6 191 -105
-5 -15 186 -120
-12 -4 174 -124
5 -5 179 -129
-4 -6 175 -135
3 3 178 -132
-3 -2 175 -134
0 -9 175 -143
-9 -15 166 -158
-8 -1 158 -159
-2 -2 156 -161
-2 -6 154 -167
-3 -2 151 -169
1 2 152 -167
0 0 152 -167
-5 -1 147 -168
6 3 153 -165
3 -3 156 -168
5 -2 161 -170
1 0 162 -170
-2 10 160 -160
4 5 164 -155
10 3 174 -152
0 1 174 -151
3 5 177 -146
-1 -6 176 -152
-1 0 175 -152
7 -11 182 -163
6 1 188 -162
10 -7 198 -169
1 5 199 -164
10 0 209 -164
3 5 212 -159
8 -1 220 -160
7 1 227 -159
7 3 234 -156
-9 5 225 -151
8 -8 233 -159
8 -18 241 -177
0 0 241 -177
-4 6 237 -171
6 -11 243 -182
1 -1 244 -183
3 -4 247 -187
0 12 247 -175
3 0 250 -175
3 -9 253 -184
0 0 253 -184
0 0 253 -184
0 0 253 -184
0 0 253 -184
0 0 253 -184
0 0 253 -184
0 0 253 -184
0 0 253 -184
0 0 253 -184
0 0 253 -184
0 0 253 -184
0 0 253 -184
0 0 253 -184
0 0 253 -184
0 0 253 -184
0 0 253 -184
0 0 253 -184
0 0 253 -184
0 0 253 -184
0 0 253 -184
0 0 253 -184
0 0 253 -184
0 0 253 -184
0 0 253 -184
0 0 253 -184
0 0 253 -184
0 0 253 -184
0 0 253 -184
0 0 253 -184
0 0 253 -184
0 0 253 -184
0 0 253 -184
0 0 253 -184
0 0 253 -184
0 0 253 -184
0 0 253 -184
0 0 253 -184
0 0 253 -184
0 0 253 -184
0 0 253 -184
0 0 253 -184
0 0 253 -184
0 0 253 -184
0 0 253 -184
0 0 253 -184
0 0 253 -184
0 0 253 -184
0 0 253 -184
0 0 253 -184
0 0 253 -184
0 0 253 -184
0 0 253 -184
0 0 253 -184
0 0 253 -184
0 0 253 -184
0 0 253 -184
0 0 253 -184
0 0 253 -184
0 0 253 -184
0 -5 253 -189
0 0 253 -189
13 3 266 -186
4 13 270 -173
-8 2 262 -171
5 9 267 -162
5 7 272 -155
0 -3 272 -158
-3 -8 269 -166
2 3 271 -163
-2 19 269 -144
0 -4 269 -148
3 0 272 -148
3 -3 275 -151
-8 -14 267 -165
5 -3 272 -168
6 2 278 -166
0 1 278 -165
-10 -4 268 -169
-2 -9 266 -178
-4 -11 262 -189
5 -9 267 -198
-2 -15 265 -213
9 12 274 -201
0 2 274 -199
-9 -5 265 -204
15 0 280 -204
2 -13 282 -217
-4 -9 278 -226
1 10 279 -216
10 7 289 -209
-4 1 285 -208
0 0 285 -208
0 0 285 -208
0 0 285 -208
-3 -3 282 -211
5 9 287 -202
9 0 296 -202
-3 -1 293 -203
0 -13 293 -216
6 2 299 -214
-2 -1 297 -215
6 1 303 -214
4 0 307 -214
-7 -7 300 -221
5 0 305 -221
8 0 313 -221
0 10 313 -211
-5 -7 308 -218
3 1 311 -217
3 -7 314 -224
-11 -6 303 -230
-5 -4 298 -234
5 -7 303 -241
10 0 313 -241
8 -20 321 -261
-1 -13 320 -274
3 7 323 -267
3 -2 326 -269
-3 7 323 -262
0 0 323 -262
0 0 323 -262
10 -29 333 -291
3 -8 336 -299
3 8 339 -291
4 4 343 -287
4 -1 347 -288
-2 -13 345 -301
5 11 350 -290
-22 -5 328 -295
10 -4 338 -299
0 -1 338 -300
-2 -2 336 -302
-1 0 335 -302
-2 0 333 -302
-2 -14 331 -316
-6 -5 325 -321
0 10 325 -311
0 0 325 -311
15 18 340 -293
-23 -22 317 -315
7 23 324 -292
-2 -13 322 -305
-1 7 321 -298
3 9 324 -289
-1 -8 323 -297
-2 5 321 -292
-9 0 312 -292
7 0 319 -292
8 7 327 -285
-8 1 319 -284
-4 0 315 -284
12 0 327 -284
1 10 328 -274
0 -4 328 -278
-4 0 324 -278
3 7 327 -271
-3 10 324 -261
-8 -9 316 -270
-9 -2 307 -272
3 6 310 -266
8 4 318 -262
8 0 326 -262
-4 -5 322 -267
10 10 332 -257
11 3 343 -254
4 8 347 -246
13 8 360 -238
0 0 360 -238
1 0 361 -238
-8 -5 353 -243
0 8 353 -235
-6 -18 347 -253
12 6 359 -247
-8 -9 351 -256
2 6 353 -250
1 5 354 -245
17 -3 371 -248
11 13 382 -235
0 18 382 -217
-6 -14 376 -231
-3 -10 373 -241
-7 0 366 -241
5 -5 371 -246
1 4 372 -242
-4 -8 368 -250
0 4 368 -246
-4 -14 364 -260
-6 -6 358 -266
0 -9 358 -275
-6 11 352 -264
-1 -8 351 -272
0 0 351 -272
5 5 356 -267
1 -1 357 -268
4 0 361 -268
-2 -19 359 -287
2 -11 361 -298
-9 -8 352 -306
8 -2 360 -308
-3 1 357 -307
0 -1 357 -308
12 6 369 -302
2 -12 371 -314
5 -5 376 -319
8 0 384 -319
0 -3 384 -322
-4 -1 380 -323
6 -6 386 -329
0 -11 386 -340
-7 -17 379 -357
6 15 385 -342
-1 -18 384 -360
0 17 384 -343
0 -5 384 -348
-15 -14 369 -362
2 7 371 -355
6 9 377 -346
-6 -11 371 -357
-9 -10 362 -367
-1 -6 361 -373
12 11 373 -362
10 13 383 -349
4 -8 387 -357
5 -10 392 -367
8 -12 400 -379
-3 -3 397 -382
-2 5 395 -377
-2 10 393 -367
0 7 393 -360
5 -8 398 -368
-1 5 397 -363
0 0 397 -363
0 0 397 -363
0 -6 397 -369
-10 0 387 -369
0 0 387 -369
0 1 387 -368
-10 12 377 -356
0 4 377 -352
7 -7 384 -359
0 5 384 -354
0 -1 384 -355
0 0 384 -355
5 -8 389 -363
3 0 392 -363
5 1 397 -362
2 3 399 -359
-2 3 397 -356
3 -2 400 -358
5 -1 405 -359
0 2 405 -357
-3 -5 402 -362
-2 4 400 -358
-5 3 395 -355
-3 -13 392 -368
0 11 392 -357
2 13 394 -344
-5 -9 389 -353
-2 6 387 -347
2 -2 389 -349
2 -2 391 -351
3 -13 394 -364
3 2 397 -362
1 0 398 -362
0 0 398 -362
-1 6 397 -356
0 1 397 -355
4 -2 401 -357
0 -1 401 -358
4 0 405 -358
5 0 410 -358
-3 -5 407 -363
-5 1 402 -362
14 3 416 -359
1 0 417 -359
11 8 428 -351
-4 2 424 -349
-2 -2 422 -351
-6 -2 416 -353
-12 0 404 -353
-6 -3 398 -356
0 0 398 -356
-4 -2 394 -358
-1 2 393 -356
-6 1 387 -355
0 0 387 -355
0 0 387 -355
0 0 387 -355
3 -3 390 -358
0 0 390 -358
1 0 391 -358
-2 0 389 -358
4 4 393 -354
-1 1 392 -353
-8 5 384 -348
0 0 384 -348
6 0 390 -348
0 0 390 -348
0 0 390 -348
-4 17 386 -331
0 1 386 -330
-3 7 383 -323
-4 -3 379 -326
14 -3 393 -329
23 2 416 -327
3 -16 419 -343
9 -4 428 -347
-14 -3 414 -350
18 -2 432 -352
21 1 453 -351
-3 -3 450 -354
-2 0 448 -354
-3 -3 445 -357
2 -1 447 -358
1 7 448 -351
6 -2 454 -353
4 0 458 -353
2 5 460 -348
3 2 463 -346
5 1 468 -345
1 0 469 -345
5 0 474 -345
4 3 478 -342
-1 -5 477 -347
-6 -8 471 -355
-6 -9 465 -364
-3 -5 462 -369
9 -2 471 -371
0 11 471 -360
0 0 471 -360
3 12 474 -348
0 0 474 -348
0 0 474 -348
0 0 474 -348
0 0 474 -348
0 0 474 -348
0 0 474 -348
0 0 474 -348
0 0 474 -348
0 0 474 -348
0 0 474 -348
0 0 474 -348
0 0 474 -348
0 0 474 -348
0 0 474 -348
5 -3 479 -351
-10 2 469 -349
-2 10 467 -339
-1 7 466 -332
0 0 466 -332
0 0 466 -332
0 0 466 -332
0 0 466 -332
0 0 466 -332
1 12 467 -320
-9 11 458 -309
-5 -2 453 -311
0 0 453 -311
3 -3 456 -314
5 -8 461 -322
1 -30 462 -352
-2 -12 460 -364
-10 18 450 -346
0 0 450 -346
0 0 450 -346
0 0 450 -346
0 0 450 -346
0 0 450 -346
0 0 450 -346
0 0 450 -346
0 0 450 -346
14 -9 464 -355
-11 -5 453 -360
-5 -4 448 -364
5 7 453 -357
0 0 453 -357
0 0 453 -357
0 0 453 -357
16 1 469 -356
13 15 482 -341
-3 4 479 -337
2 5 481 -332
1 10 482 -322
8 7 490 -315
-14 -17 476 -332
0 0 476 -332
0 0 476 -332
0 0 476 -332
0 0 476 -332
0 0 476 -332
0 0 476 -332
0 0 476 -332
0 0 476 -332
0 0 476 -332
0 0 476 -332
0 0 476 -332
0 0 476 -332
0 0 476 -332
0 0 476 -332
0 0 476 -332
0 0 476 -332
0 0 476 -332
0 0 476 -332
0 0 476 -332
0 0 476 -332
0 0 476 -332
0 0 476 -332
0 0 476 -332
0 0 476 -332
0 0 476 -332
0 0 476 -332
0 0 476 -332
0 0 476 -332
0 0 476 -332
0 0 476 -332
0 0 476 -332
0 0 476 -332
0 0 476 -332
0 0 476 -332
0 0 476 -332
0 0 476 -332
0 0 476 -332
0 0 476 -332
