0 0 0 0
0 0 0 0
0 0 0 0
0 0 0 0
0 0 0 0
0 0 0 0
0 0 0 0
0 0 0 0
0 0 0 0
0 0 0 0
0 0 0 0
0 0 0 0
0 0 0 0
0 0 0 0
0 0 0 0
0 0 0 0
0 0 0 0
0 0 0 0
0 0 0 0
0 0 0 0
-1 -9 -1 -9
-1 -10 -2 -19
-4 -9 -6 -28
-5 -9 -11 -37
-6 -6 -17 -43
-1 -5 -18 -48
0 -5 -18 -53
-1 -2 -19 -55
-4 0 -23 -55
-3 1 -26 -54
0 2 -26 -52
0 0 -26 -52
0 0 -26 -52
0 -1 -26 -53
0 0 -26 -53
0 0 -26 -53
0 0 -26 -53
0 0 -26 -53
0 0 -26 -53
0 0 -26 -53
0 0 -26 -53
0 0 -26 -53
0 0 -26 -53
2 -2 -24 -55
0 -1 -24 -56
-5 0 -29 -56
-9 -3 -38 -59
-7 0 -45 -59
-9 0 -54 -59
-5 0 -59 -59
-5 0 -64 -59
-3 0 -67 -59
1 0 -66 -59
0 0 -66 -59
0 0 -66 -59
0 0 -66 -59
0 0 -66 -59
0 0 -66 -59
0 0 -66 -59
0 -1 -66 -60
0 0 -66 -60
0 -5 -66 -65
3 0 -63 -65
5 0 -58 -65
4 0 -54 -65
5 0 -49 -65
5 0 -44 -65
5 0 -39 -65
7 0 -32 -65
5 0 -27 -65
5 0 -22 -65
6 0 -16 -65
4 0 -12 -65
5 0 -7 -65
5 0 -2 -65
5 0 3 -65
3 0 6 -65
4 -1 10 -66
5 0 15 -66
5 0 20 -66
1 0 21 -66
0 0 21 -66
0 0 21 -66
0 0 21 -66
0 0 21 -66
0 0 21 -66
0 0 21 -66
0 0 21 -66
0 0 21 -66
0 0 21 -66
0 0 21 -66
0 0 21 -66
0 0 21 -66
0 0 21 -66
0 0 21 -66
0 0 21 -66
0 0 21 -66
0 0 21 -66
0 0 21 -66
0 0 21 -66
2 0 23 -66
2 0 25 -66
0 2 25 -64
-3 3 22 -61
-5 10 17 -51
0 10 17 -41
0 0 17 -41
3 6 20 -35
0 0 20 -35
0 0 20 -35
0 0 20 -35
0 0 20 -35
0 0 20 -35
0 0 20 -35
0 0 20 -35
0 0 20 -35
0 0 20 -35
0 0 20 -35
0 0 20 -35
0 0 20 -35
0 0 20 -35
0 0 20 -35
0 0 20 -35
0 0 20 -35
0 0 20 -35
0 0 20 -35
0 0 20 -35
0 0 20 -35
0 0 20 -35
0 0 20 -35
0 0 20 -35
0 0 20 -35
0 0 20 -35
0 0 20 -35
0 0 20 -35
0 0 20 -35
0 0 20 -35
0 0 20 -35
0 0 20 -35
0 0 20 -35
0 0 20 -35
0 0 20 -35
0 0 20 -35
0 0 20 -35
0 0 20 -35
0 0 20 -35
0 0 20 -35
0 0 20 -35
0 0 20 -35
