0 0 0 0
0 0 0 0
0 0 0 0
0 0 0 0
0 0 0 0
0 0 0 0
0 0 0 0
0 0 0 0
0 0 0 0
0 0 0 0
0 0 0 0
0 0 0 0
0 0 0 0
0 0 0 0
0 0 0 0
0 0 0 0
0 0 0 0
0 0 0 0
0 0 0 0
0 0 0 0
0 0 0 0
0 0 0 0
0 0 0 0
0 0 0 0
0 0 0 0
0 0 0 0
0 0 0 0
0 0 0 0
0 0 0 0
0 0 0 0
0 0 0 0
0 0 0 0
0 0 0 0
0 0 0 0
0 0 0 0
0 0 0 0
0 0 0 0
0 0 0 0
0 0 0 0
0 0 0 0
0 0 0 0
0 0 0 0
0 0 0 0
0 0 0 0
0 0 0 0
0 0 0 0
0 0 0 0
0 0 0 0
0 0 0 0
0 0 0 0
0 0 0 0
0 0 0 0
0 0 0 0
0 0 0 0
0 0 0 0
0 0 0 0
0 0 0 0
0 0 0 0
0 0 0 0
0 0 0 0
0 0 0 0
0 0 0 0
0 0 0 0
0 0 0 0
0 0 0 0
0 0 0 0
0 0 0 0
0 0 0 0
0 0 0 0
0 0 0 0
0 0 0 0
0 0 0 0
0 0 0 0
0 0 0 0
0 0 0 0
0 0 0 0
0 0 0 0
0 0 0 0
0 0 0 0
0 0 0 0
0 0 0 0
0 0 0 0
0 0 0 0
0 0 0 0
0 0 0 0
0 0 0 0
0 0 0 0
0 0 0 0
0 0 0 0
0 0 0 0
0 0 0 0
0 0 0 0
0 0 0 0
0 0 0 0
0 0 0 0
0 0 0 0
0 0 0 0
0 0 0 0
0 0 0 0
0 0 0 0
0 0 0 0
0 0 0 0
0 0 0 0
0 0 0 0
0 0 0 0
0 0 0 0
0 0 0 0
0 0 0 0
0 0 0 0
0 0 0 0
0 0 0 0
0 0 0 0
0 0 0 0
0 0 0 0
0 0 0 0
0 0 0 0
0 0 0 0
0 0 0 0
0 0 0 0
0 0 0 0
0 0 0 0
0 0 0 0
0 0 0 0
-6 9 -6 9
0 -10 -6 -1
7 -8 1 -9
-10 15 -9 6
1 -9 -8 -3
-6 1 -14 -2
1 -10 -13 -12
-5 0 -18 -12
0 -14 -18 -26
0 -5 -18 -31
0 5 -18 -26
9 -14 -9 -40
0 -9 -9 -49
-2 -3 -11 -52
1 -4 -10 -56
1 -5 -9 -61
5 -6 -4 -67
3 7 -1 -60
0 5 -1 -55
6 -12 5 -67
0 -9 5 -76
3 -20 8 -96
3 -1 11 -97
-5 14 6 -83
2 0 8 -83
8 -3 16 -86
2 6 18 -80
3 1 21 -79
10 0 31 -79
-2 2 29 -77
5 -3 34 -80
1 -7 35 -87
-5 -7 30 -94
3 11 33 -83
8 9 41 -74
1 -1 42 -75
0 0 42 -75
-8 -3 34 -78
-13 2 21 -76
0 -10 21 -86
-1 14 20 -72
15 -19 35 -91
0 0 35 -91
-6 15 29 -76
-3 4 26 -72
0 0 26 -72
0 0 26 -72
0 0 26 -72
0 0 26 -72
0 0 26 -72
0 0 26 -72
0 0 26 -72
0 0 26 -72
0 0 26 -72
0 0 26 -72
0 0 26 -72
0 0 26 -72
0 0 26 -72
0 0 26 -72
0 0 26 -72
0 0 26 -72
0 0 26 -72
0 0 26 -72
0 0 26 -72
0 0 26 -72
0 0 26 -72
0 0 26 -72
0 0 26 -72
0 0 26 -72
0 0 26 -72
0 0 26 -72
0 0 26 -72
0 0 26 -72
0 0 26 -72
0 0 26 -72
0 0 26 -72
0 0 26 -72
0 0 26 -72
0 0 26 -72
0 0 26 -72
0 0 26 -72
0 0 26 -72
0 0 26 -72
0 0 26 -72
0 0 26 -72
0 0 26 -72
0 0 26 -72
0 0 26 -72
0 0 26 -72
0 0 26 -72
0 0 26 -72
0 0 26 -72
0 0 26 -72
0 0 26 -72
0 0 26 -72
0 0 26 -72
0 0 26 -72
0 0 26 -72
0 0 26 -72
0 0 26 -72
0 0 26 -72
0 0 26 -72
0 0 26 -72
0 0 26 -72
0 0 26 -72
0 0 26 -72
0 0 26 -72
0 0 26 -72
0 0 26 -72
0 0 26 -72
0 0 26 -72
0 0 26 -72
0 0 26 -72
0 0 26 -72
0 0 26 -72
0 0 26 -72
0 0 26 -72
0 0 26 -72
0 0 26 -72
0 0 26 -72
0 0 26 -72
0 0 26 -72
0 0 26 -72
0 0 26 -72
0 0 26 -72
