0 0 0 0
0 0 0 0
0 0 0 0
0 0 0 0
0 0 0 0
0 0 0 0
0 0 0 0
0 0 0 0
0 0 0 0
0 0 0 0
0 0 0 0
0 0 0 0
-4 -9 -4 -9
-5 -10 -9 -19
-6 -10 -15 -29
-5 -10 -20 -39
-5 -8 -25 -47
-4 -5 -29 -52
-4 -5 -33 -57
-5 -4 -38 -61
-1 -5 -39 -66
-5 -8 -44 -74
-2 -4 -46 -78
0 -6 -46 -84
-5 0 -51 -84
-4 0 -55 -84
-1 0 -56 -84
-4 -5 -60 -89
-4 0 -64 -89
-1 0 -65 -89
-2 -2 -67 -91
0 0 -67 -91
0 -4 -67 -95
0 4 -67 -91
0 0 -67 -91
0 0 -67 -91
0 0 -67 -91
0 0 -67 -91
0 3 -67 -88
6 2 -61 -86
1 -1 -60 -87
-5 4 -65 -83
-7 -1 -72 -84
-6 0 -78 -84
-3 8 -81 -76
0 4 -81 -72
-5 0 -86 -72
-6 0 -92 -72
-3 0 -95 -72
-5 0 -100 -72
-5 0 -105 -72
-5 0 -110 -72
-5 0 -115 -72
-5 0 -120 -72
-3 0 -123 -72
-5 0 -128 -72
-6 0 -134 -72
-3 4 -137 -68
-2 0 -139 -68
-3 0 -142 -68
-3 2 -145 -66
0 0 -145 -66
-3 0 -148 -66
-3 1 -151 -65
-1 0 -152 -65
-5 0 -157 -65
-6 0 -163 -65
-7 0 -170 -65
-6 2 -176 -63
-4 -2 -180 -65
0 0 -180 -65
2 0 -178 -65
0 0 -178 -65
0 0 -178 -65
0 0 -178 -65
0 0 -178 -65
0 0 -178 -65
0 0 -178 -65
0 0 -178 -65
0 0 -178 -65
0 0 -178 -65
0 0 -178 -65
0 0 -178 -65
0 0 -178 -65
3 0 -175 -65
1 -4 -174 -69
0 -4 -174 -73
0 0 -174 -73
4 0 -170 -73
2 0 -168 -73
3 0 -165 -73
0 0 -165 -73
2 6 -163 -67
10 0 -153 -67
10 -2 -143 -69
8 5 -135 -64
9 0 -126 -64
8 5 -118 -59
9 0 -109 -59
9 0 -100 -59
5 0 -95 -59
5 0 -90 -59
3 -1 -87 -60
4 0 -83 -60
5 0 -78 -60
5 -1 -73 -61
5 0 -68 -61
6 1 -62 -60
7 1 -55 -59
5 0 -50 -59
7 0 -43 -59
8 0 -35 -59
9 0 -26 -59
9 0 -17 -59
6 0 -11 -59
1 0 -10 -59
0 3 -10 -56
0 4 -10 -52
5 0 -5 -52
-3 0 -8 -52
0 3 -8 -49
-3 -2 -11 -51
0 0 -11 -51
0 0 -11 -51
-2 0 -13 -51
2 -2 -11 -53
-1 -1 -12 -54
0 0 -12 -54
2 0 -10 -54
0 5 -10 -49
-4 4 -14 -45
-3 6 -17 -39
0 4 -17 -35
0 -1 -17 -36
0 0 -17 -36
1 -3 -16 -39
1 7 -15 -32
5 1 -10 -31
4 9 -6 -22
4 0 -2 -22
4 0 2 -22
3 0 5 -22
4 0 9 -22
2 0 11 -22
0 -6 11 -28
0 0 11 -28
0 -3 11 -31
-1 0 10 -31
1 0 11 -31
0 1 11 -30
0 -2 11 -32
1 0 12 -32
0 2 12 -30
0 0 12 -30
0 -1 12 -31
0 0 12 -31
0 0 12 -31
0 0 12 -31
0 -3 12 -34
0 4 12 -30
4 0 16 -30
0 0 16 -30
0 0 16 -30
-2 0 14 -30
5 0 19 -30
3 -1 22 -31
0 0 22 -31
2 0 24 -31
-1 -3 23 -34
0 0 23 -34
-1 0 22 -34
0 0 22 -34
1 0 23 -34
0 0 23 -34
0 0 23 -34
0 4 23 -30
1 0 24 -30
0 -2 24 -32
-5 -5 19 -37
0 0 19 -37
-10 -1 9 -38
-9 1 0 -37
0 0 0 -37
-8 -2 -8 -39
-13 -5 -21 -44
-14 -1 -35 -45
-13 1 -48 -44
-10 5 -58 -39
-10 0 -68 -39
-9 0 -77 -39
-10 6 -87 -33
-9 2 -96 -31
-8 3 -104 -28
-6 2 -110 -26
-8 3 -118 -23
-8 5 -126 -18
-4 5 -130 -13
-5 9 -135 -4
-1 7 -136 3
0 10 -136 13
0 10 -136 23
0 10 -136 33
0 10 -136 43
4 9 -132 52
0 9 -132 61
1 5 -131 66
0 0 -131 66
1 3 -130 69
-2 0 -132 69
0 -2 -132 67
0 -1 -132 66
-1 -3 -133 63
0 0 -133 63
0 0 -133 63
-2 -3 -135 60
-3 0 -138 60
0 -10 -138 50
18 2 -120 52
0 0 -120 52
0 0 -120 52
0 0 -120 52
0 0 -120 52
-10 -18 -130 34
0 0 -130 34
0 0 -130 34
0 0 -130 34
0 0 -130 34
0 0 -130 34
0 0 -130 34
0 0 -130 34
0 0 -130 34
0 0 -130 34
0 0 -130 34
0 0 -130 34
0 0 -130 34
0 0 -130 34
0 0 -130 34
0 0 -130 34
0 0 -130 34
0 0 -130 34
0 0 -130 34
0 0 -130 34
0 0 -130 34
0 0 -130 34
0 0 -130 34
0 0 -130 34
0 0 -130 34
0 0 -130 34
0 0 -130 34
0 0 -130 34
0 0 -130 34
0 0 -130 34
0 0 -130 34
0 0 -130 34
0 0 -130 34
0 0 -130 34
0 0 -130 34
0 0 -130 34
0 0 -130 34
0 0 -130 34
0 0 -130 34
