0 0 0 0
0 0 0 0
0 0 0 0
0 0 0 0
0 0 0 0
0 0 0 0
0 0 0 0
0 0 0 0
0 0 0 0
0 0 0 0
0 0 0 0
0 0 0 0
0 0 0 0
0 0 0 0
0 0 0 0
0 0 0 0
0 0 0 0
0 0 0 0
0 0 0 0
0 0 0 0
0 0 0 0
0 0 0 0
0 0 0 0
0 0 0 0
0 0 0 0
0 0 0 0
0 0 0 0
0 0 0 0
0 0 0 0
0 0 0 0
0 0 0 0
0 0 0 0
0 0 0 0
0 0 0 0
0 0 0 0
0 0 0 0
0 0 0 0
0 0 0 0
0 0 0 0
0 0 0 0
0 0 0 0
0 0 0 0
0 0 0 0
0 0 0 0
0 0 0 0
0 0 0 0
0 0 0 0
0 0 0 0
0 0 0 0
0 0 0 0
0 0 0 0
0 0 0 0
0 0 0 0
0 0 0 0
0 0 0 0
0 0 0 0
0 0 0 0
0 0 0 0
0 0 0 0
0 0 0 0
-4 -10 -4 -10
0 -5 -4 -15
0 0 -4 -15
0 -7 -4 -22
0 -5 -4 -27
0 -5 -4 -32
0 -5 -4 -37
0 -8 -4 -45
0 -7 -4 -52
0 -1 -4 -53
0 -4 -4 -57
0 -6 -4 -63
-5 -5 -9 -68
-6 0 -15 -68
-5 0 -20 -68
-1 0 -21 -68
-7 -2 -28 -70
-9 -3 -37 -73
-9 -1 -46 -74
-9 4 -55 -70
-5 4 -60 -66
-4 -4 -64 -70
-5 0 -69 -70
-4 4 -73 -66
0 1 -73 -65
-2 0 -75 -65
-2 0 -77 -65
0 0 -77 -65
0 0 -77 -65
0 -3 -77 -68
0 -1 -77 -69
0 -2 -77 -71
0 0 -77 -71
0 1 -77 -70
0 0 -77 -70
0 0 -77 -70
2 1 -75 -69
0 0 -75 -69
0 0 -75 -69
0 0 -75 -69
0 0 -75 -69
0 0 -75 -69
1 -3 -74 -72
2 2 -72 -70
2 0 -70 -70
0 0 -70 -70
0 0 -70 -70
4 0 -66 -70
0 -2 -66 -72
3 2 -63 -70
2 2 -61 -68
0 -2 -61 -70
0 0 -61 -70
0 1 -61 -69
1 0 -60 -69
0 -1 -60 -70
1 0 -59 -70
0 0 -59 -70
0 0 -59 -70
1 0 -58 -70
0 0 -58 -70
0 0 -58 -70
1 0 -57 -70
0 0 -57 -70
2 0 -55 -70
0 0 -55 -70
4 0 -51 -70
2 0 -49 -70
4 0 -45 -70
3 0 -42 -70
3 0 -39 -70
4 0 -35 -70
5 0 -30 -70
1 0 -29 -70
5 0 -24 -70
4 0 -20 -70
0 0 -20 -70
0 0 -20 -70
-1 0 -21 -70
0 0 -21 -70
0 0 -21 -70
0 0 -21 -70
0 0 -21 -70
0 0 -21 -70
0 0 -21 -70
0 0 -21 -70
0 0 -21 -70
0 0 -21 -70
0 0 -21 -70
0 0 -21 -70
0 0 -21 -70
0 0 -21 -70
0 0 -21 -70
4 0 -17 -70
0 -1 -17 -71
-3 0 -20 -71
-5 0 -25 -71
-4 0 -29 -71
-5 0 -34 -71
-6 0 -40 -71
-9 0 -49 -71
-5 2 -54 -69
-1 0 -55 -69
-5 0 -60 -69
-10 0 -70 -69
-8 3 -78 -66
-4 3 -82 -63
-4 -1 -86 -64
-6 0 -92 -64
-2 0 -94 -64
-5 0 -99 -64
-5 0 -104 -64
-3 0 -107 -64
-4 0 -111 -64
-3 0 -114 -64
-4 0 -118 -64
-1 0 -119 -64
-1 0 -120 -64
-2 -1 -122 -65
-5 2 -127 -63
-4 1 -131 -62
-1 0 -132 -62
-1 0 -133 -62
-2 0 -135 -62
-3 0 -138 -62
-2 2 -140 -60
-3 0 -143 -60
-3 0 -146 -60
-5 0 -151 -60
-4 0 -155 -60
-5 0 -160 -60
-4 1 -164 -59
-3 2 -167 -57
0 0 -167 -57
-4 0 -171 -57
0 -7 -171 -64
0 -4 -171 -68
0 0 -171 -68
-2 -4 -173 -72
0 -4 -173 -76
-3 0 -176 -76
-5 3 -181 -73
-4 9 -185 -64
-4 5 -189 -59
0 4 -189 -55
0 5 -189 -50
1 3 -188 -47
3 0 -185 -47
0 0 -185 -47
2 5 -183 -42
0 2 -183 -40
0 0 -183 -40
0 -1 -183 -41
0 1 -183 -40
-1 2 -184 -38
0 4 -184 -34
2 2 -182 -32
0 0 -182 -32
2 0 -180 -32
0 4 -180 -28
0 0 -180 -28
0 0 -180 -28
0 0 -180 -28
0 0 -180 -28
0 0 -180 -28
0 0 -180 -28
0 0 -180 -28
2 0 -178 -28
0 -10 -178 -38
-6 -7 -184 -45
0 -5 -184 -50
0 -7 -184 -57
0 -1 -184 -58
5 -4 -179 -62
0 0 -179 -62
4 -4 -175 -66
4 -8 -171 -74
0 -4 -171 -78
5 -6 -166 -84
1 -4 -165 -88
1 0 -164 -88
4 0 -160 -88
9 -1 -151 -89
9 0 -142 -89
9 0 -133 -89
5 0 -128 -89
5 0 -123 -89
5 -1 -118 -90
5 0 -113 -90
5 -1 -108 -91
2 0 -106 -91
3 -2 -103 -93
0 0 -103 -93
1 1 -102 -92
1 -2 -101 -94
0 1 -101 -93
0 -1 -101 -94
4 1 -97 -93
5 0 -92 -93
1 0 -91 -93
0 0 -91 -93
0 0 -91 -93
0 0 -91 -93
5 0 -86 -93
0 0 -86 -93
0 0 -86 -93
2 0 -84 -93
0 5 -84 -88
0 3 -84 -85
5 0 -79 -85
0 0 -79 -85
3 0 -76 -85
0 0 -76 -85
1 0 -75 -85
0 -2 -75 -87
0 0 -75 -87
0 0 -75 -87
0 0 -75 -87
0 0 -75 -87
0 0 -75 -87
0 0 -75 -87
-1 0 -76 -87
0 0 -76 -87
0 0 -76 -87
0 0 -76 -87
0 0 -76 -87
0 0 -76 -87
0 0 -76 -87
0 0 -76 -87
0 0 -76 -87
0 0 -76 -87
0 0 -76 -87
0 0 -76 -87
0 0 -76 -87
0 0 -76 -87
0 0 -76 -87
0 0 -76 -87
0 0 -76 -87
-3 0 -79 -87
0 0 -79 -87
7 5 -72 -82
6 4 -66 -78
10 0 -56 -78
5 0 -51 -78
5 0 -46 -78
5 0 -41 -78
2 0 -39 -78
5 0 -34 -78
4 2 -30 -76
5 0 -25 -76
8 0 -17 -76
1 0 -16 -76
0 0 -16 -76
0 0 -16 -76
0 2 -16 -74
0 -2 -16 -76
0 0 -16 -76
0 1 -16 -75
0 -1 -16 -76
0 0 -16 -76
0 0 -16 -76
0 -1 -16 -77
0 0 -16 -77
0 -3 -16 -80
-3 0 -19 -80
-4 0 -23 -80
-5 0 -28 -80
-5 0 -33 -80
-7 0 -40 -80
-6 4 -46 -76
-5 0 -51 -76
0 0 -51 -76
0 0 -51 -76
0 0 -51 -76
0 5 -51 -71
1 10 -50 -61
0 17 -50 -44
0 0 -50 -44
0 0 -50 -44
0 0 -50 -44
24 1 -26 -43
0 0 -26 -43
0 0 -26 -43
0 0 -26 -43
0 0 -26 -43
0 0 -26 -43
0 0 -26 -43
0 0 -26 -43
0 0 -26 -43
0 0 -26 -43
0 0 -26 -43
0 0 -26 -43
0 0 -26 -43
0 0 -26 -43
0 0 -26 -43
0 0 -26 -43
0 0 -26 -43
0 0 -26 -43
0 0 -26 -43
0 0 -26 -43
0 0 -26 -43
0 0 -26 -43
0 0 -26 -43
0 0 -26 -43
0 0 -26 -43
0 0 -26 -43
0 0 -26 -43
0 0 -26 -43
0 0 -26 -43
0 0 -26 -43
0 0 -26 -43
0 0 -26 -43
0 0 -26 -43
0 0 -26 -43
0 0 -26 -43
0 0 -26 -43
0 0 -26 -43
0 0 -26 -43
0 0 -26 -43
0 0 -26 -43
0 0 -26 -43
0 0 -26 -43
0 0 -26 -43
0 0 -26 -43
0 0 -26 -43
0 0 -26 -43
0 0 -26 -43
0 0 -26 -43
0 0 -26 -43
0 0 -26 -43
0 0 -26 -43
0 0 -26 -43
0 0 -26 -43
0 0 -26 -43
0 0 -26 -43
0 0 -26 -43
0 0 -26 -43
0 0 -26 -43
0 0 -26 -43
0 0 -26 -43
0 0 -26 -43
0 0 -26 -43
0 0 -26 -43
0 0 -26 -43
0 0 -26 -43
0 0 -26 -43
0 0 -26 -43
0 0 -26 -43
0 0 -26 -43
0 0 -26 -43
0 0 -26 -43
0 0 -26 -43
0 0 -26 -43
0 0 -26 -43
0 0 -26 -43
0 0 -26 -43
0 0 -26 -43
0 0 -26 -43
0 0 -26 -43
0 0 -26 -43
0 0 -26 -43
0 0 -26 -43
0 0 -26 -43
0 0 -26 -43
0 0 -26 -43
0 0 -26 -43
0 0 -26 -43
0 0 -26 -43
0 0 -26 -43
0 0 -26 -43
0 0 -26 -43
0 0 -26 -43
0 0 -26 -43
0 0 -26 -43
0 0 -26 -43
0 0 -26 -43
0 0 -26 -43
0 0 -26 -43
0 0 -26 -43
0 0 -26 -43
0 0 -26 -43
0 0 -26 -43
0 0 -26 -43
0 0 -26 -43
0 0 -26 -43
0 0 -26 -43
0 0 -26 -43
0 0 -26 -43
0 0 -26 -43
0 0 -26 -43
0 0 -26 -43
0 0 -26 -43
0 0 -26 -43
0 0 -26 -43
0 0 -26 -43
0 0 -26 -43
0 0 -26 -43
0 0 -26 -43
0 0 -26 -43
0 0 -26 -43
0 0 -26 -43
0 0 -26 -43
0 0 -26 -43
0 0 -26 -43
0 0 -26 -43
0 0 -26 -43
0 0 -26 -43
0 0 -26 -43
0 0 -26 -43
0 0 -26 -43
0 0 -26 -43
0 0 -26 -43
0 0 -26 -43
0 0 -26 -43
0 0 -26 -43
0 0 -26 -43
0 0 -26 -43
0 0 -26 -43
0 0 -26 -43
0 0 -26 -43
0 0 -26 -43
0 0 -26 -43
0 0 -26 -43
0 0 -26 -43
0 0 -26 -43
0 0 -26 -43
0 0 -26 -43
0 0 -26 -43
0 0 -26 -43
0 0 -26 -43
0 0 -26 -43
0 0 -26 -43
0 0 -26 -43
0 0 -26 -43
0 0 -26 -43
0 0 -26 -43
0 0 -26 -43
0 0 -26 -43
0 0 -26 -43
0 0 -26 -43
0 0 -26 -43
0 0 -26 -43
0 0 -26 -43
0 0 -26 -43
0 0 -26 -43
0 0 -26 -43
0 0 -26 -43
0 0 -26 -43
0 0 -26 -43
0 0 -26 -43
0 0 -26 -43
0 0 -26 -43
0 0 -26 -43
0 0 -26 -43
0 0 -26 -43
0 0 -26 -43
0 0 -26 -43
0 0 -26 -43
0 0 -26 -43
0 0 -26 -43
0 0 -26 -43
0 0 -26 -43
0 0 -26 -43
0 0 -26 -43
0 0 -26 -43
0 0 -26 -43
0 0 -26 -43
0 0 -26 -43
0 0 -26 -43
0 0 -26 -43
0 0 -26 -43
0 0 -26 -43
0 0 -26 -43
0 0 -26 -43
0 0 -26 -43
0 0 -26 -43
0 0 -26 -43
0 0 -26 -43
0 0 -26 -43
0 0 -26 -43
0 0 -26 -43
0 0 -26 -43
0 0 -26 -43
0 0 -26 -43
0 0 -26 -43
0 0 -26 -43
0 0 -26 -43
0 0 -26 -43
0 0 -26 -43
0 0 -26 -43
0 0 -26 -43
0 0 -26 -43
0 0 -26 -43
0 0 -26 -43
0 0 -26 -43
0 0 -26 -43
0 0 -26 -43
0 0 -26 -43
0 0 -26 -43
0 0 -26 -43
0 0 -26 -43
0 0 -26 -43
0 0 -26 -43
0 0 -26 -43
0 0 -26 -43
0 0 -26 -43
0 0 -26 -43
0 0 -26 -43
0 0 -26 -43
0 0 -26 -43
0 0 -26 -43
0 0 -26 -43
0 0 -26 -43
0 0 -26 -43
0 0 -26 -43
0 0 -26 -43
0 0 -26 -43
0 0 -26 -43
0 0 -26 -43
-1 -6 -27 -49
0 0 -27 -49
0 -4 -27 -53
0 0 -27 -53
-1 -7 -28 -60
-3 0 -31 -60
0 -4 -31 -64
-2 -6 -33 -70
0 0 -33 -70
0 -2 -33 -72
0 0 -33 -72
-5 -2 -38 -74
-7 0 -45 -74
-9 -1 -54 -75
-7 0 -61 -75
-8 2 -69 -73
-5 1 -74 -72
-5 0 -79 -72
-3 -2 -82 -74
-1 0 -83 -74
0 0 -83 -74
0 0 -83 -74
1 0 -82 -74
0 0 -82 -74
0 0 -82 -74
0 0 -82 -74
4 0 -78 -74
8 4 -70 -70
8 2 -62 -68
9 1 -53 -67
6 0 -47 -67
6 1 -41 -66
7 2 -34 -64
0 0 -34 -64
5 -1 -29 -65
7 0 -22 -65
4 0 -18 -65
1 0 -17 -65
0 -1 -17 -66
0 0 -17 -66
-3 0 -20 -66
-3 0 -23 -66
-3 0 -26 -66
-5 0 -31 -66
-7 -1 -38 -67
0 0 -38 -67
0 0 -38 -67
-4 0 -42 -67
-5 0 -47 -67
-10 -1 -57 -68
-5 0 -62 -68
-4 0 -66 -68
-2 0 -68 -68
-5 0 -73 -68
-3 0 -76 -68
-7 0 -83 -68
-9 -3 -92 -71
-7 -9 -99 -80
-5 -5 -104 -85
-3 -5 -107 -90
-5 -5 -112 -95
-1 -4 -113 -99
-4 -9 -117 -108
-2 -5 -119 -113
-2 -5 -121 -118
0 -4 -121 -122
0 -4 -121 -126
0 0 -121 -126
0 0 -121 -126
1 0 -120 -126
0 1 -120 -125
0 0 -120 -125
0 0 -120 -125
0 0 -120 -125
0 0 -120 -125
0 3 -120 -122
0 0 -120 -122
0 0 -120 -122
0 3 -120 -119
0 0 -120 -119
0 0 -120 -119
0 0 -120 -119
0 2 -120 -117
0 0 -120 -117
0 3 -120 -114
0 5 -120 -109
1 3 -119 -106
0 3 -119 -103
3 2 -116 -101
4 0 -112 -101
3 0 -109 -101
3 0 -106 -101
3 0 -103 -101
0 2 -103 -99
3 0 -100 -99
0 -2 -100 -101
0 0 -100 -101
0 4 -100 -97
0 3 -100 -94
0 1 -100 -93
0 0 -100 -93
2 4 -98 -89
5 0 -93 -89
0 0 -93 -89
3 0 -90 -89
4 1 -86 -88
0 0 -86 -88
2 0 -84 -88
0 0 -84 -88
1 0 -83 -88
0 0 -83 -88
3 0 -80 -88
4 0 -76 -88
4 0 -72 -88
1 0 -71 -88
3 0 -68 -88
4 0 -64 -88
2 0 -62 -88
3 1 -59 -87
4 0 -55 -87
1 0 -54 -87
3 0 -51 -87
0 1 -51 -86
0 0 -51 -86
0 0 -51 -86
0 0 -51 -86
0 0 -51 -86
0 0 -51 -86
0 0 -51 -86
0 0 -51 -86
0 0 -51 -86
0 0 -51 -86
0 1 -51 -85
1 1 -50 -84
0 0 -50 -84
10 5 -40 -79
8 5 -32 -74
5 2 -27 -72
1 7 -26 -65
0 0 -26 -65
0 0 -26 -65
0 0 -26 -65
0 0 -26 -65
0 0 -26 -65
0 0 -26 -65
0 0 -26 -65
0 0 -26 -65
0 0 -26 -65
0 0 -26 -65
0 0 -26 -65
0 0 -26 -65
0 0 -26 -65
0 0 -26 -65
0 0 -26 -65
0 0 -26 -65
0 0 -26 -65
0 0 -26 -65
0 0 -26 -65
0 0 -26 -65
0 0 -26 -65
0 0 -26 -65
0 0 -26 -65
0 0 -26 -65
0 0 -26 -65
0 0 -26 -65
0 0 -26 -65
0 0 -26 -65
0 0 -26 -65
0 0 -26 -65
0 0 -26 -65
0 0 -26 -65
0 0 -26 -65
0 0 -26 -65
0 0 -26 -65
0 0 -26 -65
0 0 -26 -65
0 0 -26 -65
0 0 -26 -65
0 0 -26 -65
0 0 -26 -65
0 0 -26 -65
0 0 -26 -65
0 0 -26 -65
0 0 -26 -65
0 0 -26 -65
0 0 -26 -65
0 0 -26 -65
0 0 -26 -65
0 0 -26 -65
0 0 -26 -65
0 0 -26 -65
0 0 -26 -65
0 0 -26 -65
0 0 -26 -65
0 0 -26 -65
0 0 -26 -65
0 0 -26 -65
0 0 -26 -65
0 0 -26 -65
0 0 -26 -65
0 0 -26 -65
0 0 -26 -65
0 0 -26 -65
0 0 -26 -65
0 0 -26 -65
0 0 -26 -65
0 0 -26 -65
0 0 -26 -65
0 0 -26 -65
0 0 -26 -65
0 0 -26 -65
0 0 -26 -65
0 0 -26 -65
0 0 -26 -65
0 0 -26 -65
0 0 -26 -65
