0 0 0 0
0 0 0 0
0 0 0 0
0 0 0 0
0 0 0 0
0 0 0 0
0 0 0 0
0 0 0 0
0 0 0 0
0 0 0 0
0 0 0 0
0 0 0 0
0 0 0 0
0 0 0 0
0 0 0 0
0 0 0 0
0 0 0 0
0 0 0 0
0 0 0 0
0 0 0 0
0 0 0 0
0 0 0 0
0 0 0 0
0 0 0 0
0 0 0 0
0 0 0 0
0 0 0 0
0 0 0 0
0 0 0 0
0 0 0 0
0 0 0 0
0 0 0 0
0 0 0 0
0 0 0 0
0 0 0 0
0 0 0 0
0 0 0 0
0 0 0 0
0 0 0 0
0 0 0 0
0 0 0 0
0 0 0 0
0 0 0 0
0 0 0 0
0 0 0 0
0 0 0 0
0 0 0 0
0 0 0 0
0 0 0 0
0 0 0 0
0 0 0 0
0 0 0 0
0 0 0 0
0 0 0 0
0 0 0 0
0 0 0 0
0 0 0 0
0 0 0 0
0 0 0 0
-3 -10 -3 -10
-5 -9 -8 -19
-2 -8 -10 -27
-1 -9 -11 -36
-1 -9 -12 -45
-2 -4 -14 -49
-2 -4 -16 -53
0 -5 -16 -58
0 -4 -16 -62
0 0 -16 -62
-3 -1 -19 -63
-1 -1 -20 -64
0 0 -20 -64
0 0 -20 -64
0 1 -20 -63
0 0 -20 -63
0 0 -20 -63
0 0 -20 -63
0 0 -20 -63
0 0 -20 -63
0 0 -20 -63
-1 0 -21 -63
-4 0 -25 -63
-4 0 -29 -63
-5 0 -34 -63
-5 -1 -39 -64
-4 -1 -43 -65
-4 0 -47 -65
-5 0 -52 -65
-5 0 -57 -65
-4 0 -61 -65
-5 0 -66 -65
-5 0 -71 -65
-5 0 -76 -65
-5 0 -81 -65
-5 0 -86 -65
-5 0 -91 -65
-5 0 -96 -65
-5 0 -101 -65
-4 0 -105 -65
-5 0 -110 -65
-8 0 -118 -65
-10 0 -128 -65
-10 0 -138 -65
-1 -3 -139 -68
2 -4 -137 -72
4 -3 -133 -75
4 0 -129 -75
5 0 -124 -75
5 0 -119 -75
5 0 -114 -75
4 2 -110 -73
5 0 -105 -73
5 0 -100 -73
6 3 -94 -70
5 0 -89 -70
4 0 -85 -70
5 1 -80 -69
5 0 -75 -69
5 3 -70 -66
5 0 -65 -66
5 0 -60 -66
5 4 -55 -62
7 4 -48 -58
5 2 -43 -56
6 2 -37 -54
4 2 -33 -52
4 0 -29 -52
4 0 -25 -52
2 -1 -23 -53
1 0 -22 -53
0 0 -22 -53
-2 -2 -24 -55
-3 1 -27 -54
0 0 -27 -54
0 -4 -27 -58
0 0 -27 -58
0 0 -27 -58
0 -1 -27 -59
0 0 -27 -59
0 -2 -27 -61
0 -4 -27 -65
0 -5 -27 -70
-2 -4 -29 -74
0 -3 -29 -77
0 -2 -29 -79
0 -1 -29 -80
0 -3 -29 -83
-1 -2 -30 -85
0 -1 -30 -86
0 -2 -30 -88
0 -2 -30 -90
-1 -2 -31 -92
0 0 -31 -92
0 -2 -31 -94
0 -1 -31 -95
0 -1 -31 -96
0 -1 -31 -97
0 0 -31 -97
0 -1 -31 -98
0 3 -31 -95
0 1 -31 -94
4 1 -27 -93
0 4 -27 -89
0 0 -27 -89
0 0 -27 -89
0 0 -27 -89
0 0 -27 -89
0 4 -27 -85
0 1 -27 -84
1 2 -26 -82
0 3 -26 -79
0 0 -26 -79
0 0 -26 -79
0 0 -26 -79
-1 0 -27 -79
0 0 -27 -79
0 0 -27 -79
0 0 -27 -79
0 0 -27 -79
0 0 -27 -79
-1 -1 -28 -80
0 1 -28 -79
0 0 -28 -79
0 1 -28 -78
0 0 -28 -78
0 0 -28 -78
0 0 -28 -78
0 0 -28 -78
-1 0 -29 -78
-1 0 -30 -78
0 0 -30 -78
0 0 -30 -78
0 0 -30 -78
0 0 -30 -78
0 0 -30 -78
0 -4 -30 -82
-3 0 -33 -82
-2 0 -35 -82
-1 1 -36 -81
-2 0 -38 -81
-4 0 -42 -81
-5 -1 -47 -82
-5 -3 -52 -85
-5 -1 -57 -86
-5 0 -62 -86
-2 -1 -64 -87
0 -1 -64 -88
-3 -2 -67 -90
-5 0 -72 -90
-4 0 -76 -90
-5 0 -81 -90
-5 0 -86 -90
0 2 -86 -88
-2 0 -88 -88
0 0 -88 -88
-2 0 -90 -88
0 0 -90 -88
0 1 -90 -87
-2 0 -92 -87
0 -1 -92 -88
0 -1 -92 -89
0 0 -92 -89
0 0 -92 -89
0 0 -92 -89
0 0 -92 -89
0 0 -92 -89
0 0 -92 -89
0 0 -92 -89
0 0 -92 -89
0 0 -92 -89
0 0 -92 -89
0 0 -92 -89
0 0 -92 -89
0 0 -92 -89
0 0 -92 -89
1 0 -91 -89
0 0 -91 -89
3 0 -88 -89
5 1 -83 -88
5 0 -78 -88
3 0 -75 -88
6 3 -69 -85
5 0 -64 -85
5 0 -59 -85
4 0 -55 -85
3 0 -52 -85
0 0 -52 -85
4 1 -48 -84
4 0 -44 -84
5 0 -39 -84
4 0 -35 -84
4 0 -31 -84
0 3 -31 -81
5 2 -26 -79
4 0 -22 -79
0 3 -22 -76
0 0 -22 -76
3 1 -19 -75
2 0 -17 -75
1 0 -16 -75
0 0 -16 -75
1 0 -15 -75
0 0 -15 -75
0 0 -15 -75
-3 0 -18 -75
0 0 -18 -75
0 0 -18 -75
-2 0 -20 -75
-4 0 -24 -75
0 0 -24 -75
-2 0 -26 -75
-3 0 -29 -75
-1 0 -30 -75
-3 0 -33 -75
-1 1 -34 -74
0 0 -34 -74
-1 0 -35 -74
-3 0 -38 -74
-4 -3 -42 -77
-1 0 -43 -77
-4 0 -47 -77
-2 0 -49 -77
-5 0 -54 -77
-5 4 -59 -73
-5 0 -64 -73
-9 3 -73 -70
-4 0 -77 -70
0 0 -77 -70
-3 5 -80 -65
0 -4 -80 -69
3 -2 -77 -71
1 -5 -76 -76
-1 0 -77 -76
0 0 -77 -76
0 -2 -77 -78
0 -3 -77 -81
0 -4 -77 -85
0 0 -77 -85
0 0 -77 -85
0 -1 -77 -86
1 -1 -76 -87
0 -5 -76 -92
1 -1 -75 -93
0 0 -75 -93
-1 -2 -76 -95
-1 -5 -77 -100
-3 -3 -80 -103
-5 -3 -85 -106
-6 -6 -91 -112
-8 -8 -99 -120
-7 -3 -106 -123
-5 0 -111 -123
-4 -8 -115 -131
-3 -1 -118 -132
0 -9 -118 -141
-3 -7 -121 -148
-1 -3 -122 -151
1 0 -121 -151
2 4 -119 -147
3 0 -116 -147
2 1 -114 -146
4 7 -110 -139
6 6 -104 -133
4 8 -100 -125
3 9 -97 -116
0 5 -97 -111
0 5 -97 -106
0 5 -97 -101
0 5 -97 -96
0 5 -97 -91
0 5 -97 -86
0 6 -97 -80
0 4 -97 -76
0 1 -97 -75
0 1 -97 -74
0 4 -97 -70
2 5 -95 -65
0 4 -95 -61
1 2 -94 -59
2 5 -92 -54
1 3 -91 -51
0 0 -91 -51
3 1 -88 -50
4 0 -84 -50
0 1 -84 -49
0 0 -84 -49
-2 0 -86 -49
0 0 -86 -49
0 0 -86 -49
0 0 -86 -49
0 0 -86 -49
0 0 -86 -49
0 0 -86 -49
0 0 -86 -49
0 0 -86 -49
0 0 -86 -49
0 0 -86 -49
0 0 -86 -49
0 0 -86 -49
0 0 -86 -49
0 0 -86 -49
-2 0 -88 -49
-4 0 -92 -49
-5 0 -97 -49
-4 -1 -101 -50
-5 -2 -106 -52
-2 -5 -108 -57
-4 -5 -112 -62
-6 -2 -118 -64
-5 -1 -123 -65
-4 0 -127 -65
-2 0 -129 -65
-1 0 -130 -65
-1 -1 -131 -66
0 0 -131 -66
0 0 -131 -66
0 0 -131 -66
0 0 -131 -66
0 0 -131 -66
0 0 -131 -66
0 0 -131 -66
0 0 -131 -66
0 0 -131 -66
0 0 -131 -66
0 1 -131 -65
0 0 -131 -65
0 0 -131 -65
0 0 -131 -65
0 0 -131 -65
0 2 -131 -63
0 5 -131 -58
5 0 -126 -58
5 0 -121 -58
5 0 -116 -58
4 1 -112 -57
4 1 -108 -56
4 0 -104 -56
4 0 -100 -56
4 0 -96 -56
5 0 -91 -56
0 0 -91 -56
4 2 -87 -54
5 0 -82 -54
4 0 -78 -54
3 0 -75 -54
5 0 -70 -54
5 0 -65 -54
1 0 -64 -54
1 0 -63 -54
3 4 -60 -50
5 1 -55 -49
4 0 -51 -49
2 0 -49 -49
0 0 -49 -49
0 0 -49 -49
0 0 -49 -49
0 0 -49 -49
0 0 -49 -49
0 0 -49 -49
0 0 -49 -49
0 0 -49 -49
0 0 -49 -49
0 0 -49 -49
0 0 -49 -49
0 0 -49 -49
0 0 -49 -49
0 0 -49 -49
0 0 -49 -49
0 0 -49 -49
1 0 -48 -49
3 0 -45 -49
-1 0 -46 -49
2 -6 -44 -55
-2 -10 -46 -65
-2 -6 -48 -71
-1 -4 -49 -75
0 -4 -49 -79
0 -1 -49 -80
0 -3 -49 -83
0 -1 -49 -84
0 0 -49 -84
0 0 -49 -84
0 0 -49 -84
0 0 -49 -84
0 0 -49 -84
0 0 -49 -84
0 0 -49 -84
0 0 -49 -84
0 0 -49 -84
0 0 -49 -84
0 0 -49 -84
0 0 -49 -84
0 0 -49 -84
0 0 -49 -84
0 0 -49 -84
0 0 -49 -84
0 0 -49 -84
0 0 -49 -84
0 0 -49 -84
0 0 -49 -84
0 0 -49 -84
0 0 -49 -84
0 0 -49 -84
0 1 -49 -83
0 2 -49 -81
3 3 -46 -78
2 4 -44 -74
1 3 -43 -71
0 1 -43 -70
0 0 -43 -70
0 1 -43 -69
0 4 -43 -65
0 1 -43 -64
0 3 -43 -61
0 0 -43 -61
0 0 -43 -61
0 0 -43 -61
0 3 -43 -58
0 0 -43 -58
0 0 -43 -58
0 0 -43 -58
0 0 -43 -58
0 0 -43 -58
0 0 -43 -58
0 0 -43 -58
0 1 -43 -57
0 0 -43 -57
0 0 -43 -57
0 0 -43 -57
0 0 -43 -57
0 0 -43 -57
0 0 -43 -57
0 0 -43 -57
0 2 -43 -55
0 5 -43 -50
0 0 -43 -50
0 -4 -43 -54
-9 5 -52 -49
-8 -4 -60 -53
-8 -3 -68 -56
-9 -4 -77 -60
-7 0 -84 -60
-6 0 -90 -60
-10 -1 -100 -61
-10 -5 -110 -66
-11 -1 -121 -67
-14 -1 -135 -68
-14 0 -149 -68
-13 0 -162 -68
-11 4 -173 -64
-9 2 -182 -62
-10 3 -192 -59
-8 5 -200 -54
0 -1 -200 -55
-2 5 -202 -50
0 4 -202 -46
0 1 -202 -45
0 0 -202 -45
2 1 -200 -44
3 1 -197 -43
3 -1 -194 -44
2 0 -192 -44
0 0 -192 -44
0 0 -192 -44
3 0 -189 -44
-1 0 -190 -44
0 0 -190 -44
0 3 -190 -41
0 0 -190 -41
0 -4 -190 -45
0 0 -190 -45
5 0 -185 -45
7 -1 -178 -46
8 1 -170 -45
10 2 -160 -43
11 0 -149 -43
9 4 -140 -39
11 1 -129 -38
8 1 -121 -37
9 0 -112 -37
9 4 -103 -33
10 -2 -93 -35
10 0 -83 -35
10 0 -73 -35
9 0 -64 -35
10 0 -54 -35
0 0 -54 -35
7 0 -47 -35
7 0 -40 -35
9 0 -31 -35
0 0 -31 -35
-1 0 -32 -35
0 -2 -32 -37
-2 -4 -34 -41
-1 2 -35 -39
0 -5 -35 -44
0 0 -35 -44
-1 0 -36 -44
0 0 -36 -44
0 0 -36 -44
0 0 -36 -44
0 0 -36 -44
0 0 -36 -44
0 0 -36 -44
0 0 -36 -44
0 0 -36 -44
0 0 -36 -44
1 0 -35 -44
0 0 -35 -44
0 0 -35 -44
0 0 -35 -44
0 1 -35 -43
0 0 -35 -43
0 1 -35 -42
0 -1 -35 -43
0 0 -35 -43
0 0 -35 -43
7 1 -28 -42
8 5 -20 -37
8 8 -12 -29
9 8 -3 -21
3 19 0 -2
0 0 0 -2
0 0 0 -2
0 0 0 -2
0 0 0 -2
0 0 0 -2
0 0 0 -2
0 0 0 -2
0 0 0 -2
0 0 0 -2
0 0 0 -2
0 0 0 -2
0 0 0 -2
0 0 0 -2
0 0 0 -2
0 0 0 -2
0 0 0 -2
0 0 0 -2
0 0 0 -2
0 0 0 -2
0 0 0 -2
0 0 0 -2
0 0 0 -2
0 0 0 -2
0 0 0 -2
0 0 0 -2
0 0 0 -2
0 0 0 -2
0 0 0 -2
0 0 0 -2
0 0 0 -2
0 0 0 -2
0 0 0 -2
0 0 0 -2
0 0 0 -2
0 0 0 -2
0 0 0 -2
0 0 0 -2
0 0 0 -2
0 0 0 -2
0 0 0 -2
0 0 0 -2
0 0 0 -2
0 0 0 -2
0 0 0 -2
0 0 0 -2
0 0 0 -2
0 0 0 -2
