0 0 0 0
0 0 0 0
0 0 0 0
0 0 0 0
0 0 0 0
0 0 0 0
0 0 0 0
0 0 0 0
0 0 0 0
0 0 0 0
0 0 0 0
0 0 0 0
0 0 0 0
-1 -10 -1 -10
-5 -10 -6 -20
-3 -9 -9 -29
-1 -6 -10 -35
-1 -9 -11 -44
-4 -9 -15 -53
-5 -6 -20 -59
-4 -8 -24 -67
-3 -3 -27 -70
0 0 -27 -70
-1 -1 -28 -71
-5 1 -33 -70
-13 0 -46 -70
-8 0 -54 -70
-9 4 -63 -66
-10 0 -73 -66
-9 -4 -82 -70
-10 0 -92 -70
-10 0 -102 -70
-8 -2 -110 -72
-1 0 -111 -72
0 0 -111 -72
0 0 -111 -72
5 0 -106 -72
5 0 -101 -72
5 0 -96 -72
4 0 -92 -72
5 0 -87 -72
5 0 -82 -72
1 -1 -81 -73
3 0 -78 -73
6 0 -72 -73
9 4 -63 -69
12 2 -51 -67
10 1 -41 -66
10 1 -31 -65
10 0 -21 -65
8 0 -13 -65
6 0 -7 -65
4 -1 -3 -66
1 0 -2 -66
0 0 -2 -66
-4 -1 -6 -67
-1 1 -7 -66
0 1 -7 -65
-2 -1 -9 -66
0 0 -9 -66
0 -1 -9 -67
0 0 -9 -67
1 -1 -8 -68
0 0 -8 -68
0 0 -8 -68
0 0 -8 -68
0 0 -8 -68
1 0 -7 -68
1 0 -6 -68
0 0 -6 -68
0 -4 -6 -72
2 5 -4 -67
9 9 5 -58
0 0 5 -58
12 15 17 -43
0 0 17 -43
0 0 17 -43
0 0 17 -43
0 0 17 -43
0 0 17 -43
0 0 17 -43
0 0 17 -43
0 0 17 -43
0 0 17 -43
0 0 17 -43
0 0 17 -43
0 0 17 -43
0 0 17 -43
0 0 17 -43
0 0 17 -43
0 0 17 -43
0 0 17 -43
0 0 17 -43
0 0 17 -43
0 0 17 -43
0 0 17 -43
0 0 17 -43
0 0 17 -43
0 0 17 -43
0 0 17 -43
0 0 17 -43
0 0 17 -43
0 0 17 -43
0 0 17 -43
0 0 17 -43
0 0 17 -43
0 0 17 -43
0 0 17 -43
