0 0 0 0
0 0 0 0
0 0 0 0
0 0 0 0
0 0 0 0
0 0 0 0
0 0 0 0
0 0 0 0
0 0 0 0
0 0 0 0
0 0 0 0
0 0 0 0
0 0 0 0
0 0 0 0
0 0 0 0
0 0 0 0
0 0 0 0
0 0 0 0
0 0 0 0
0 0 0 0
0 0 0 0
0 0 0 0
0 0 0 0
0 0 0 0
0 0 0 0
0 0 0 0
0 0 0 0
0 0 0 0
0 0 0 0
0 0 0 0
0 0 0 0
0 0 0 0
0 0 0 0
0 0 0 0
0 0 0 0
0 0 0 0
0 0 0 0
0 0 0 0
0 0 0 0
0 0 0 0
0 0 0 0
0 0 0 0
0 0 0 0
0 0 0 0
0 0 0 0
0 0 0 0
0 0 0 0
0 0 0 0
0 0 0 0
0 0 0 0
0 0 0 0
0 0 0 0
0 0 0 0
0 0 0 0
0 0 0 0
0 0 0 0
0 0 0 0
0 0 0 0
0 0 0 0
0 0 0 0
0 0 0 0
0 0 0 0
0 0 0 0
0 0 0 0
0 0 0 0
0 0 0 0
0 0 0 0
0 0 0 0
0 0 0 0
0 0 0 0
0 0 0 0
0 0 0 0
0 0 0 0
0 0 0 0
0 0 0 0
0 0 0 0
0 0 0 0
0 0 0 0
0 0 0 0
0 0 0 0
0 0 0 0
0 0 0 0
0 0 0 0
0 0 0 0
0 0 0 0
0 0 0 0
0 0 0 0
0 0 0 0
0 0 0 0
0 0 0 0
0 0 0 0
0 0 0 0
0 0 0 0
0 0 0 0
0 0 0 0
0 0 0 0
0 0 0 0
0 0 0 0
0 0 0 0
0 0 0 0
0 0 0 0
0 0 0 0
0 0 0 0
0 0 0 0
0 0 0 0
0 0 0 0
0 0 0 0
0 0 0 0
0 0 0 0
0 0 0 0
0 0 0 0
0 0 0 0
0 0 0 0
0 0 0 0
0 0 0 0
0 0 0 0
0 0 0 0
0 0 0 0
0 0 0 0
0 0 0 0
0 0 0 0
0 0 0 0
0 0 0 0
0 0 0 0
0 0 0 0
0 0 0 0
0 0 0 0
0 0 0 0
0 0 0 0
0 0 0 0
0 0 0 0
0 0 0 0
0 0 0 0
0 0 0 0
0 0 0 0
0 0 0 0
0 0 0 0
0 0 0 0
0 0 0 0
0 0 0 0
0 0 0 0
0 0 0 0
0 0 0 0
0 0 0 0
0 0 0 0
0 0 0 0
0 0 0 0
0 0 0 0
0 0 0 0
0 0 0 0
0 0 0 0
0 0 0 0
0 0 0 0
0 0 0 0
0 0 0 0
0 0 0 0
0 0 0 0
0 0 0 0
0 0 0 0
0 0 0 0
0 0 0 0
0 0 0 0
0 0 0 0
0 0 0 0
0 0 0 0
0 0 0 0
0 0 0 0
0 0 0 0
0 0 0 0
0 0 0 0
0 0 0 0
0 0 0 0
0 0 0 0
0 0 0 0
0 0 0 0
0 0 0 0
0 0 0 0
0 0 0 0
0 0 0 0
0 0 0 0
0 0 0 0
0 0 0 0
0 0 0 0
0 0 0 0
0 0 0 0
0 0 0 0
0 0 0 0
0 0 0 0
0 0 0 0
0 0 0 0
0 0 0 0
0 0 0 0
0 0 0 0
0 0 0 0
0 0 0 0
0 0 0 0
0 0 0 0
0 0 0 0
0 0 0 0
0 0 0 0
0 0 0 0
0 0 0 0
0 0 0 0
0 0 0 0
0 0 0 0
0 0 0 0
0 0 0 0
0 0 0 0
0 0 0 0
0 0 0 0
0 0 0 0
0 0 0 0
0 0 0 0
0 0 0 0
0 0 0 0
0 0 0 0
0 0 0 0
0 0 0 0
0 0 0 0
0 0 0 0
0 0 0 0
0 0 0 0
0 0 0 0
0 0 0 0
0 0 0 0
0 0 0 0
0 0 0 0
0 0 0 0
0 0 0 0
0 0 0 0
0 0 0 0
0 0 0 0
0 0 0 0
0 0 0 0
0 0 0 0
0 0 0 0
0 0 0 0
0 0 0 0
0 0 0 0
0 0 0 0
0 0 0 0
0 0 0 0
0 0 0 0
0 0 0 0
0 0 0 0
0 0 0 0
0 0 0 0
0 0 0 0
0 0 0 0
0 0 0 0
0 0 0 0
0 0 0 0
0 0 0 0
0 0 0 0
0 0 0 0
0 0 0 0
0 0 0 0
0 0 0 0
0 0 0 0
0 0 0 0
0 0 0 0
0 0 0 0
0 0 0 0
0 0 0 0
0 0 0 0
0 0 0 0
0 0 0 0
0 0 0 0
0 0 0 0
0 0 0 0
0 0 0 0
0 0 0 0
0 0 0 0
0 0 0 0
0 0 0 0
0 0 0 0
0 0 0 0
0 0 0 0
0 0 0 0
0 0 0 0
0 0 0 0
0 0 0 0
0 0 0 0
0 0 0 0
0 0 0 0
0 0 0 0
0 0 0 0
0 0 0 0
0 0 0 0
0 0 0 0
0 0 0 0
0 0 0 0
0 0 0 0
0 0 0 0
0 0 0 0
0 0 0 0
0 0 0 0
0 0 0 0
0 0 0 0
0 0 0 0
0 0 0 0
0 0 0 0
0 0 0 0
0 0 0 0
0 0 0 0
0 0 0 0
0 0 0 0
0 0 0 0
0 0 0 0
0 0 0 0
0 0 0 0
0 0 0 0
0 0 0 0
0 0 0 0
0 0 0 0
0 0 0 0
0 0 0 0
0 0 0 0
0 0 0 0
0 0 0 0
0 0 0 0
-5 -11 -5 -11
0 0 -5 -11
0 0 -5 -11
0 0 -5 -11
0 0 -5 -11
0 0 -5 -11
0 0 -5 -11
0 0 -5 -11
0 0 -5 -11
0 0 -5 -11
0 0 -5 -11
0 0 -5 -11
0 0 -5 -11
0 0 -5 -11
0 0 -5 -11
0 0 -5 -11
0 0 -5 -11
0 0 -5 -11
0 0 -5 -11
0 0 -5 -11
0 0 -5 -11
0 0 -5 -11
0 0 -5 -11
0 0 -5 -11
0 0 -5 -11
0 0 -5 -11
0 0 -5 -11
0 0 -5 -11
0 0 -5 -11
0 0 -5 -11
0 0 -5 -11
0 0 -5 -11
0 0 -5 -11
0 0 -5 -11
0 0 -5 -11
0 0 -5 -11
0 0 -5 -11
0 0 -5 -11
0 0 -5 -11
0 0 -5 -11
0 0 -5 -11
0 0 -5 -11
0 0 -5 -11
-19 -28 -24 -39
0 0 -24 -39
0 0 -24 -39
0 0 -24 -39
0 0 -24 -39
0 0 -24 -39
0 0 -24 -39
0 0 -24 -39
0 0 -24 -39
0 0 -24 -39
0 0 -24 -39
0 0 -24 -39
0 0 -24 -39
0 0 -24 -39
0 0 -24 -39
0 0 -24 -39
0 0 -24 -39
0 0 -24 -39
0 0 -24 -39
0 0 -24 -39
0 0 -24 -39
0 0 -24 -39
0 0 -24 -39
0 0 -24 -39
0 0 -24 -39
0 0 -24 -39
0 0 -24 -39
0 0 -24 -39
0 0 -24 -39
0 0 -24 -39
0 0 -24 -39
0 0 -24 -39
0 0 -24 -39
0 0 -24 -39
0 0 -24 -39
0 0 -24 -39
0 0 -24 -39
0 0 -24 -39
0 0 -24 -39
0 0 -24 -39
0 0 -24 -39
0 0 -24 -39
0 0 -24 -39
0 0 -24 -39
0 0 -24 -39
0 0 -24 -39
0 0 -24 -39
0 0 -24 -39
0 0 -24 -39
0 0 -24 -39
0 0 -24 -39
0 0 -24 -39
0 0 -24 -39
0 0 -24 -39
0 0 -24 -39
0 0 -24 -39
-7 -3 -31 -42
0 0 -31 -42
1 0 -30 -42
29 10 -1 -32
0 0 -1 -32
0 0 -1 -32
0 0 -1 -32
0 0 -1 -32
0 0 -1 -32
0 0 -1 -32
0 0 -1 -32
0 0 -1 -32
0 0 -1 -32
0 0 -1 -32
0 0 -1 -32
0 0 -1 -32
0 0 -1 -32
0 0 -1 -32
0 0 -1 -32
0 0 -1 -32
0 0 -1 -32
0 0 -1 -32
0 0 -1 -32
0 0 -1 -32
0 0 -1 -32
0 0 -1 -32
0 0 -1 -32
0 0 -1 -32
0 0 -1 -32
0 0 -1 -32
0 0 -1 -32
0 0 -1 -32
0 0 -1 -32
0 0 -1 -32
0 0 -1 -32
4 9 3 -23
0 0 3 -23
0 0 3 -23
0 0 3 -23
0 0 3 -23
0 0 3 -23
0 0 3 -23
0 0 3 -23
0 0 3 -23
0 0 3 -23
0 0 3 -23
0 0 3 -23
0 0 3 -23
0 0 3 -23
0 0 3 -23
0 0 3 -23
0 0 3 -23
0 0 3 -23
0 0 3 -23
0 0 3 -23
0 0 3 -23
0 0 3 -23
0 0 3 -23
0 0 3 -23
0 0 3 -23
0 0 3 -23
0 0 3 -23
0 0 3 -23
-3 19 0 -4
0 0 0 -4
0 0 0 -4
0 0 0 -4
0 0 0 -4
0 0 0 -4
0 0 0 -4
0 0 0 -4
0 0 0 -4
0 0 0 -4
0 0 0 -4
0 0 0 -4
0 0 0 -4
0 0 0 -4
0 0 0 -4
0 0 0 -4
0 0 0 -4
0 0 0 -4
0 0 0 -4
0 0 0 -4
0 0 0 -4
0 0 0 -4
0 0 0 -4
0 0 0 -4
0 0 0 -4
25 -26 25 -30
-32 -3 -7 -33
33 41 26 8
0 0 26 8
0 0 26 8
0 0 26 8
0 0 26 8
0 0 26 8
0 0 26 8
0 0 26 8
0 0 26 8
0 0 26 8
0 0 26 8
0 0 26 8
0 0 26 8
0 0 26 8
0 0 26 8
0 0 26 8
0 0 26 8
0 0 26 8
0 0 26 8
0 0 26 8
0 0 26 8
0 0 26 8
0 0 26 8
0 0 26 8
0 0 26 8
0 0 26 8
0 0 26 8
0 0 26 8
0 0 26 8
0 0 26 8
0 0 26 8
0 0 26 8
0 0 26 8
0 0 26 8
0 0 26 8
0 0 26 8
0 0 26 8
0 0 26 8
0 0 26 8
0 0 26 8
0 0 26 8
0 0 26 8
0 0 26 8
0 0 26 8
0 0 26 8
0 0 26 8
0 0 26 8
0 0 26 8
0 0 26 8
0 0 26 8
0 0 26 8
0 0 26 8
0 0 26 8
0 0 26 8
0 0 26 8
0 0 26 8
0 0 26 8
0 0 26 8
0 0 26 8
0 0 26 8
0 0 26 8
0 0 26 8
0 0 26 8
0 0 26 8
0 0 26 8
0 0 26 8
0 0 26 8
0 0 26 8
0 0 26 8
0 0 26 8
0 0 26 8
0 0 26 8
0 0 26 8
0 0 26 8
0 0 26 8
0 0 26 8
0 0 26 8
0 0 26 8
0 0 26 8
0 0 26 8
0 0 26 8
0 0 26 8
0 0 26 8
0 0 26 8
0 0 26 8
0 0 26 8
0 0 26 8
0 0 26 8
0 0 26 8
0 0 26 8
0 0 26 8
0 0 26 8
0 0 26 8
0 0 26 8
0 0 26 8
0 0 26 8
0 0 26 8
0 0 26 8
0 0 26 8
0 0 26 8
0 0 26 8
0 0 26 8
0 0 26 8
0 0 26 8
0 0 26 8
0 0 26 8
0 0 26 8
0 0 26 8
0 0 26 8
0 0 26 8
0 0 26 8
0 0 26 8
0 0 26 8
0 0 26 8
0 0 26 8
0 0 26 8
0 0 26 8
0 0 26 8
0 0 26 8
0 0 26 8
0 0 26 8
0 0 26 8
0 0 26 8
0 0 26 8
0 0 26 8
0 0 26 8
0 0 26 8
0 0 26 8
0 0 26 8
0 0 26 8
0 0 26 8
0 0 26 8
0 0 26 8
0 0 26 8
0 0 26 8
0 0 26 8
0 0 26 8
0 0 26 8
0 0 26 8
0 0 26 8
0 0 26 8
0 0 26 8
0 0 26 8
0 0 26 8
0 0 26 8
0 0 26 8
0 0 26 8
0 0 26 8
0 0 26 8
0 0 26 8
0 0 26 8
0 0 26 8
0 0 26 8
0 0 26 8
0 0 26 8
0 0 26 8
0 0 26 8
0 0 26 8
0 0 26 8
0 0 26 8
0 0 26 8
0 0 26 8
0 0 26 8
0 0 26 8
0 0 26 8
0 -10 26 -2
9 6 35 4
-11 -14 24 -10
-5 -6 19 -16
8 11 27 -5
6 12 33 7
0 -10 33 -3
0 0 33 -3
0 0 33 -3
0 0 33 -3
0 0 33 -3
-4 -14 29 -17
-20 1 9 -16
-23 -19 -14 -35
-4 -16 -18 -51
-10 11 -28 -40
0 0 -28 -40
0 -5 -28 -45
2 -15 -26 -60
-6 -5 -32 -65
-9 -11 -41 -76
6 1 -35 -75
-8 -3 -43 -78
0 0 -43 -78
-1 14 -44 -64
0 0 -44 -64
0 0 -44 -64
0 0 -44 -64
-5 -7 -49 -71
0 0 -49 -71
0 0 -49 -71
0 0 -49 -71
0 0 -49 -71
0 0 -49 -71
0 0 -49 -71
0 0 -49 -71
0 0 -49 -71
0 0 -49 -71
0 0 -49 -71
0 0 -49 -71
0 1 -49 -70
3 -1 -46 -71
0 8 -46 -63
14 7 -32 -56
13 -13 -19 -69
1 -1 -18 -70
-2 -2 -20 -72
10 11 -10 -61
0 0 -10 -61
2 2 -8 -59
9 -6 1 -65
4 -3 5 -68
0 0 5 -68
0 0 5 -68
-7 -5 -2 -73
0 0 -2 -73
0 0 -2 -73
26 0 24 -73
0 0 24 -73
0 0 24 -73
0 0 24 -73
0 0 24 -73
0 0 24 -73
0 0 24 -73
0 0 24 -73
0 0 24 -73
0 0 24 -73
0 0 24 -73
0 0 24 -73
0 0 24 -73
0 0 24 -73
0 0 24 -73
0 0 24 -73
0 0 24 -73
0 0 24 -73
6 -25 30 -98
12 -6 42 -104
0 0 42 -104
0 0 42 -104
0 3 42 -101
0 0 42 -101
5 -12 47 -113
0 0 47 -113
-3 11 44 -102
1 3 45 -99
-6 11 39 -88
11 -5 50 -93
13 -11 63 -104
0 0 63 -104
7 -18 70 -122
10 -9 80 -131
4 9 84 -122
0 0 84 -122
0 0 84 -122
14 -7 98 -129
22 -4 120 -133
0 0 120 -133
-4 14 116 -119
0 0 116 -119
0 0 116 -119
0 0 116 -119
0 0 116 -119
0 0 116 -119
0 0 116 -119
0 0 116 -119
0 0 116 -119
0 0 116 -119
0 0 116 -119
0 0 116 -119
0 0 116 -119
0 0 116 -119
0 0 116 -119
0 0 116 -119
0 0 116 -119
0 0 116 -119
0 0 116 -119
0 0 116 -119
0 0 116 -119
-20 15 96 -104
2 -2 98 -106
6 5 104 -101
0 0 104 -101
7 12 111 -89
6 -9 117 -98
0 0 117 -98
0 0 117 -98
7 5 124 -93
0 0 124 -93
0 0 124 -93
0 0 124 -93
30 -17 154 -110
13 -4 167 -114
18 -1 185 -115
0 0 185 -115
0 0 185 -115
0 0 185 -115
0 0 185 -115
0 0 185 -115
0 0 185 -115
0 0 185 -115
0 0 185 -115
0 0 185 -115
0 0 185 -115
0 0 185 -115
-14 -13 171 -128
0 0 171 -128
4 -12 175 -140
0 0 175 -140
0 0 175 -140
-11 -16 164 -156
-16 13 148 -143
0 0 148 -143
-27 22 121 -121
0 0 121 -121
0 0 121 -121
0 0 121 -121
14 -42 135 -163
-2 6 133 -157
0 0 133 -157
0 0 133 -157
0 0 133 -157
0 0 133 -157
0 0 133 -157
0 0 133 -157
0 0 133 -157
0 0 133 -157
0 0 133 -157
0 0 133 -157
0 0 133 -157
0 0 133 -157
0 0 133 -157
-4 -10 129 -167
0 0 129 -167
-37 0 92 -167
0 0 92 -167
0 0 92 -167
0 0 92 -167
-40 8 52 -159
-36 5 16 -154
-22 0 -6 -154
-3 20 -9 -134
0 0 -9 -134
0 0 -9 -134
0 0 -9 -134
0 0 -9 -134
0 0 -9 -134
0 0 -9 -134
0 0 -9 -134
0 0 -9 -134
0 0 -9 -134
0 0 -9 -134
0 0 -9 -134
0 0 -9 -134
0 0 -9 -134
0 0 -9 -134
0 0 -9 -134
0 0 -9 -134
0 0 -9 -134
0 0 -9 -134
0 0 -9 -134
0 0 -9 -134
0 0 -9 -134
0 0 -9 -134
0 0 -9 -134
6 44 -3 -90
-5 -38 -8 -128
0 0 -8 -128
0 0 -8 -128
0 0 -8 -128
8 -20 0 -148
0 0 0 -148
0 0 0 -148
0 0 0 -148
0 4 0 -144
0 0 0 -144
0 0 0 -144
0 0 0 -144
0 0 0 -144
0 0 0 -144
0 0 0 -144
0 0 0 -144
0 0 0 -144
0 0 0 -144
0 0 0 -144
0 0 0 -144
25 -7 25 -151
0 0 25 -151
2 9 27 -142
16 2 43 -140
0 0 43 -140
0 0 43 -140
0 0 43 -140
11 2 54 -138
0 0 54 -138
0 0 54 -138
0 0 54 -138
0 0 54 -138
0 0 54 -138
13 16 67 -122
12 -11 79 -133
0 0 79 -133
0 0 79 -133
0 0 79 -133
0 0 79 -133
6 -15 85 -148
12 -3 97 -151
0 0 97 -151
0 0 97 -151
-15 6 82 -145
0 0 82 -145
0 0 82 -145
0 0 82 -145
-16 0 66 -145
0 0 66 -145
0 0 66 -145
-9 -5 57 -150
-20 5 37 -145
0 0 37 -145
-1 0 36 -145
-1 -2 35 -147
0 0 35 -147
-3 25 32 -122
13 5 45 -117
0 0 45 -117
0 0 45 -117
0 0 45 -117
-2 -3 43 -120
-5 1 38 -119
0 0 38 -119
0 0 38 -119
0 0 38 -119
0 0 38 -119
0 0 38 -119
0 15 38 -104
0 0 38 -104
0 0 38 -104
0 0 38 -104
0 0 38 -104
1 14 39 -90
18 -10 57 -100
0 0 57 -100
7 31 64 -69
0 0 64 -69
0 -15 64 -84
5 0 69 -84
6 0 75 -84
0 0 75 -84
24 -15 99 -99
13 18 112 -81
12 -18 124 -99
-6 -16 118 -115
0 2 118 -113
-6 3 112 -110
13 -1 125 -111
0 0 125 -111
-16 5 109 -106
4 -1 113 -107
-17 1 96 -106
-11 20 85 -86
7 15 92 -71
27 -9 119 -80
0 0 119 -80
0 0 119 -80
-5 -7 114 -87
0 0 114 -87
0 0 114 -87
0 0 114 -87
0 0 114 -87
11 -10 125 -97
0 0 125 -97
-19 -14 106 -111
0 0 106 -111
0 0 106 -111
0 0 106 -111
0 0 106 -111
0 0 106 -111
0 0 106 -111
-14 1 92 -110
-20 -13 72 -123
0 0 72 -123
8 13 80 -110
0 0 80 -110
0 0 80 -110
0 0 80 -110
10 12 90 -98
0 0 90 -98
0 0 90 -98
0 0 90 -98
0 0 90 -98
0 0 90 -98
2 12 92 -86
0 0 92 -86
-6 -3 86 -89
0 0 86 -89
0 0 86 -89
0 0 86 -89
0 0 86 -89
0 0 86 -89
0 0 86 -89
0 0 86 -89
0 0 86 -89
0 0 86 -89
0 0 86 -89
0 0 86 -89
-7 -10 79 -99
0 0 79 -99
0 0 79 -99
0 0 79 -99
0 0 79 -99
0 0 79 -99
0 0 79 -99
0 0 79 -99
0 0 79 -99
0 0 79 -99
0 0 79 -99
0 0 79 -99
0 0 79 -99
0 0 79 -99
0 0 79 -99
0 0 79 -99
0 0 79 -99
0 0 79 -99
0 0 79 -99
0 0 79 -99
0 0 79 -99
0 0 79 -99
0 0 79 -99
0 0 79 -99
0 0 79 -99
0 0 79 -99
0 0 79 -99
0 0 79 -99
0 0 79 -99
0 0 79 -99
0 0 79 -99
-36 -3 43 -102
0 0 43 -102
0 0 43 -102
0 0 43 -102
-14 6 29 -96
-5 4 24 -92
0 0 24 -92
0 0 24 -92
0 0 24 -92
17 6 41 -86
-9 -3 32 -89
0 0 32 -89
12 -5 44 -94
0 0 44 -94
0 0 44 -94
0 0 44 -94
0 0 44 -94
0 0 44 -94
0 0 44 -94
0 0 44 -94
0 0 44 -94
0 0 44 -94
-2 25 42 -69
0 0 42 -69
0 0 42 -69
0 0 42 -69
0 0 42 -69
0 0 42 -69
0 0 42 -69
0 0 42 -69
0 0 42 -69
0 0 42 -69
6 7 48 -62
0 0 48 -62
0 0 48 -62
12 7 60 -55
0 0 60 -55
0 0 60 -55
0 0 60 -55
0 0 60 -55
0 0 60 -55
-8 1 52 -54
0 0 52 -54
0 0 52 -54
0 0 52 -54
0 0 52 -54
0 0 52 -54
-7 -10 45 -64
0 0 45 -64
-5 -1 40 -65
0 0 40 -65
4 22 44 -43
0 -15 44 -58
0 0 44 -58
0 0 44 -58
1 0 45 -58
-1 -21 44 -79
17 21 61 -58
9 21 70 -37
4 11 74 -26
8 20 82 -6
4 8 86 2
1 18 87 20
0 0 87 20
0 2 87 22
4 12 91 34
-15 20 76 54
4 -10 80 44
1 13 81 57
0 0 81 57
-4 3 77 60
-4 -17 73 43
5 0 78 43
-3 -18 75 25
-10 -5 65 20
3 5 68 25
-3 -17 65 8
-2 -6 63 2
3 15 66 17
22 -8 88 9
11 -10 99 -1
13 -4 112 -5
1 -13 113 -18
-4 0 109 -18
5 6 114 -12
5 -15 119 -27
0 10 119 -17
-3 -5 116 -22
-7 -2 109 -24
7 -6 116 -30
9 6 125 -24
2 1 127 -23
0 8 127 -15
9 0 136 -15
3 8 139 -7
3 0 142 -7
2 -11 144 -18
5 -2 149 -20
9 6 158 -14
7 -3 165 -17
9 10 174 -7
3 3 177 -4
-1 4 176 0
-5 2 171 2
0 12 171 14
0 14 171 28
10 1 181 29
0 0 181 29
8 6 189 35
3 -6 192 29
13 -14 205 15
-15 5 190 20
0 0 190 20
0 0 190 20
1 -4 191 16
5 -8 196 8
0 0 196 8
1 -6 197 2
-1 3 196 5
2 5 198 10
-2 0 196 10
0 0 196 10
-2 -2 194 8
0 0 194 8
-18 -7 176 1
-5 13 171 14
-13 17 158 31
0 0 158 31
0 0 158 31
-15 -20 143 11
-5 -3 138 8
0 0 138 8
0 0 138 8
3 8 141 16
0 0 141 16
0 0 141 16
4 1 145 17
0 0 145 17
0 0 145 17
0 0 145 17
0 0 145 17
0 0 145 17
0 0 145 17
0 0 145 17
0 0 145 17
0 0 145 17
0 0 145 17
0 0 145 17
0 0 145 17
0 0 145 17
0 0 145 17
0 0 145 17
0 0 145 17
0 0 145 17
0 0 145 17
0 0 145 17
0 0 145 17
0 0 145 17
0 0 145 17
0 0 145 17
0 0 145 17
0 0 145 17
0 0 145 17
0 0 145 17
0 0 145 17
0 0 145 17
0 0 145 17
-8 -12 137 5
0 0 137 5
-5 12 132 17
0 0 132 17
-11 -7 121 10
-2 0 119 10
-4 -14 115 -4
-5 1 110 -3
0 0 110 -3
-8 2 102 -1
5 -10 107 -11
-1 8 106 -3
-8 10 98 7
-8 12 90 19
0 0 90 19
-14 -13 76 6
-6 -11 70 -5
0 0 70 -5
-2 -5 68 -10
4 14 72 4
0 0 72 4
6 6 78 10
0 0 78 10
0 0 78 10
2 2 80 12
0 0 80 12
0 0 80 12
0 0 80 12
0 0 80 12
0 0 80 12
0 0 80 12
0 0 80 12
0 0 80 12
0 0 80 12
0 0 80 12
0 0 80 12
0 0 80 12
0 0 80 12
0 0 80 12
0 0 80 12
0 0 80 12
0 0 80 12
0 0 80 12
0 0 80 12
0 0 80 12
0 0 80 12
0 0 80 12
0 0 80 12
0 0 80 12
-2 3 78 15
0 0 78 15
0 0 78 15
0 0 78 15
0 0 78 15
0 0 78 15
0 0 78 15
0 0 78 15
0 0 78 15
0 0 78 15
0 0 78 15
0 0 78 15
0 0 78 15
0 0 78 15
0 0 78 15
0 0 78 15
0 0 78 15
0 0 78 15
0 0 78 15
0 0 78 15
0 0 78 15
0 0 78 15
0 0 78 15
0 0 78 15
0 0 78 15
0 0 78 15
0 0 78 15
0 0 78 15
0 0 78 15
0 0 78 15
0 0 78 15
0 0 78 15
0 0 78 15
0 0 78 15
0 0 78 15
0 0 78 15
0 0 78 15
0 0 78 15
0 0 78 15
0 0 78 15
0 0 78 15
0 0 78 15
0 0 78 15
0 0 78 15
0 0 78 15
0 0 78 15
0 0 78 15
0 0 78 15
0 0 78 15
0 0 78 15
0 0 78 15
0 0 78 15
0 0 78 15
0 0 78 15
0 0 78 15
0 0 78 15
0 0 78 15
0 0 78 15
0 0 78 15
0 0 78 15
0 0 78 15
0 0 78 15
0 0 78 15
0 0 78 15
0 0 78 15
0 0 78 15
0 0 78 15
0 0 78 15
0 0 78 15
0 0 78 15
0 0 78 15
0 0 78 15
0 0 78 15
0 0 78 15
0 0 78 15
0 0 78 15
0 0 78 15
0 0 78 15
0 0 78 15
0 0 78 15
0 0 78 15
0 0 78 15
0 0 78 15
0 0 78 15
0 0 78 15
0 0 78 15
0 0 78 15
0 0 78 15
0 0 78 15
0 0 78 15
0 0 78 15
0 0 78 15
0 0 78 15
0 0 78 15
0 0 78 15
0 0 78 15
0 0 78 15
0 0 78 15
0 0 78 15
0 0 78 15
0 0 78 15
0 0 78 15
0 0 78 15
0 0 78 15
0 0 78 15
0 0 78 15
0 0 78 15
0 0 78 15
0 0 78 15
0 0 78 15
0 0 78 15
0 0 78 15
0 0 78 15
0 0 78 15
0 0 78 15
0 0 78 15
0 0 78 15
0 0 78 15
0 0 78 15
0 0 78 15
0 0 78 15
0 0 78 15
0 0 78 15
0 0 78 15
0 0 78 15
0 0 78 15
0 0 78 15
0 0 78 15
0 0 78 15
0 0 78 15
0 0 78 15
0 0 78 15
0 0 78 15
0 0 78 15
0 0 78 15
0 0 78 15
0 0 78 15
0 0 78 15
0 0 78 15
0 0 78 15
0 0 78 15
0 0 78 15
0 0 78 15
0 0 78 15
0 0 78 15
0 0 78 15
0 0 78 15
0 0 78 15
0 0 78 15
0 0 78 15
0 0 78 15
0 0 78 15
0 0 78 15
0 0 78 15
0 0 78 15
0 0 78 15
0 0 78 15
0 0 78 15
0 0 78 15
0 0 78 15
0 0 78 15
0 0 78 15
0 0 78 15
0 0 78 15
0 0 78 15
0 0 78 15
0 0 78 15
0 0 78 15
0 0 78 15
0 0 78 15
0 0 78 15
0 0 78 15
0 0 78 15
0 0 78 15
0 0 78 15
0 0 78 15
0 0 78 15
0 0 78 15
0 0 78 15
0 0 78 15
0 0 78 15
0 0 78 15
0 0 78 15
0 0 78 15
0 0 78 15
0 0 78 15
