0 0 0 0
0 0 0 0
0 0 0 0
0 0 0 0
0 0 0 0
0 0 0 0
0 0 0 0
0 0 0 0
0 0 0 0
0 0 0 0
0 0 0 0
0 0 0 0
0 0 0 0
0 0 0 0
0 0 0 0
0 0 0 0
0 0 0 0
0 0 0 0
0 0 0 0
0 0 0 0
0 0 0 0
0 0 0 0
0 0 0 0
0 0 0 0
0 0 0 0
0 0 0 0
0 0 0 0
0 0 0 0
0 0 0 0
0 0 0 0
0 0 0 0
0 0 0 0
0 0 0 0
0 0 0 0
0 0 0 0
0 0 0 0
0 0 0 0
0 0 0 0
0 0 0 0
0 0 0 0
0 0 0 0
0 0 0 0
0 0 0 0
0 0 0 0
0 0 0 0
0 0 0 0
0 0 0 0
0 0 0 0
0 0 0 0
0 0 0 0
0 0 0 0
0 0 0 0
0 0 0 0
0 0 0 0
0 0 0 0
0 0 0 0
0 0 0 0
0 0 0 0
0 0 0 0
0 0 0 0
0 0 0 0
0 0 0 0
0 0 0 0
0 0 0 0
0 0 0 0
0 0 0 0
0 0 0 0
0 0 0 0
0 0 0 0
0 0 0 0
0 0 0 0
0 0 0 0
0 0 0 0
0 0 0 0
0 0 0 0
0 0 0 0
0 0 0 0
0 0 0 0
0 0 0 0
0 0 0 0
0 0 0 0
0 0 0 0
0 0 0 0
0 0 0 0
0 0 0 0
0 0 0 0
0 0 0 0
0 0 0 0
0 0 0 0
0 0 0 0
0 0 0 0
0 0 0 0
0 0 0 0
0 0 0 0
0 0 0 0
0 0 0 0
0 0 0 0
0 0 0 0
0 0 0 0
0 0 0 0
0 0 0 0
0 0 0 0
0 0 0 0
0 0 0 0
0 0 0 0
0 0 0 0
0 0 0 0
0 0 0 0
0 0 0 0
0 0 0 0
0 0 0 0
0 0 0 0
0 0 0 0
0 0 0 0
0 0 0 0
0 0 0 0
0 0 0 0
0 0 0 0
0 0 0 0
0 0 0 0
0 0 0 0
0 0 0 0
0 0 0 0
0 0 0 0
0 0 0 0
0 0 0 0
0 0 0 0
0 0 0 0
0 0 0 0
0 0 0 0
0 0 0 0
0 0 0 0
0 0 0 0
0 0 0 0
0 0 0 0
0 0 0 0
0 0 0 0
0 0 0 0
0 0 0 0
0 0 0 0
0 0 0 0
0 0 0 0
0 0 0 0
0 0 0 0
0 0 0 0
0 0 0 0
0 0 0 0
0 0 0 0
0 0 0 0
0 0 0 0
0 0 0 0
0 0 0 0
0 0 0 0
0 0 0 0
0 0 0 0
0 0 0 0
0 0 0 0
0 0 0 0
0 0 0 0
0 0 0 0
0 0 0 0
0 0 0 0
0 0 0 0
0 0 0 0
0 0 0 0
0 0 0 0
0 0 0 0
0 0 0 0
0 0 0 0
0 0 0 0
0 0 0 0
0 0 0 0
0 0 0 0
0 0 0 0
0 0 0 0
0 0 0 0
0 0 0 0
0 0 0 0
0 0 0 0
0 0 0 0
0 0 0 0
0 0 0 0
0 0 0 0
0 0 0 0
0 0 0 0
0 0 0 0
0 0 0 0
0 0 0 0
0 0 0 0
0 0 0 0
0 0 0 0
0 0 0 0
0 0 0 0
0 0 0 0
0 0 0 0
0 0 0 0
0 0 0 0
0 0 0 0
0 0 0 0
0 0 0 0
0 0 0 0
0 0 0 0
0 0 0 0
0 0 0 0
0 0 0 0
0 0 0 0
0 0 0 0
0 0 0 0
0 0 0 0
0 0 0 0
0 0 0 0
0 0 0 0
0 0 0 0
0 0 0 0
0 0 0 0
0 0 0 0
0 0 0 0
0 0 0 0
0 0 0 0
0 0 0 0
0 0 0 0
0 0 0 0
0 0 0 0
0 0 0 0
0 0 0 0
0 0 0 0
0 0 0 0
0 0 0 0
0 0 0 0
0 0 0 0
0 0 0 0
0 0 0 0
0 0 0 0
0 0 0 0
0 0 0 0
0 0 0 0
0 0 0 0
0 0 0 0
0 0 0 0
0 0 0 0
0 0 0 0
0 0 0 0
0 0 0 0
0 0 0 0
0 0 0 0
0 0 0 0
0 0 0 0
0 0 0 0
0 0 0 0
0 0 0 0
0 0 0 0
0 0 0 0
0 0 0 0
0 0 0 0
0 0 0 0
0 0 0 0
0 0 0 0
0 0 0 0
0 0 0 0
0 0 0 0
0 0 0 0
0 0 0 0
0 0 0 0
0 0 0 0
0 0 0 0
0 0 0 0
0 0 0 0
0 0 0 0
0 0 0 0
0 0 0 0
0 0 0 0
0 0 0 0
0 0 0 0
0 0 0 0
0 0 0 0
0 0 0 0
0 0 0 0
0 0 0 0
0 0 0 0
0 0 0 0
0 0 0 0
0 0 0 0
0 0 0 0
0 0 0 0
0 0 0 0
0 0 0 0
0 0 0 0
0 0 0 0
0 0 0 0
0 0 0 0
0 0 0 0
0 0 0 0
0 0 0 0
0 0 0 0
0 0 0 0
0 0 0 0
0 0 0 0
0 0 0 0
0 0 0 0
0 0 0 0
0 0 0 0
0 0 0 0
0 0 0 0
0 0 0 0
0 0 0 0
0 0 0 0
0 0 0 0
0 0 0 0
0 0 0 0
0 0 0 0
0 0 0 0
0 0 0 0
0 0 0 0
0 0 0 0
0 0 0 0
0 0 0 0
0 0 0 0
0 0 0 0
0 0 0 0
0 0 0 0
0 0 0 0
0 0 0 0
0 0 0 0
0 0 0 0
0 0 0 0
0 0 0 0
0 0 0 0
0 0 0 0
0 0 0 0
0 0 0 0
0 0 0 0
0 0 0 0
0 0 0 0
0 0 0 0
0 0 0 0
0 0 0 0
0 0 0 0
0 0 0 0
0 0 0 0
0 0 0 0
0 0 0 0
0 0 0 0
0 0 0 0
0 0 0 0
0 0 0 0
0 0 0 0
0 0 0 0
0 0 0 0
0 0 0 0
0 0 0 0
0 0 0 0
0 0 0 0
0 0 0 0
0 0 0 0
0 0 0 0
-5 10 -5 10
-5 0 -10 10
0 0 -10 10
-6 10 -16 20
-13 14 -29 34
-11 5 -40 39
8 -10 -32 29
7 3 -25 32
13 3 -12 35
0 0 -12 35
-1 9 -13 44
-8 -8 -21 36
0 0 -21 36
-2 8 -23 44
4 3 -19 47
4 9 -15 56
-5 -4 -20 52
6 20 -14 72
0 0 -14 72
-4 6 -18 78
0 0 -18 78
8 -1 -10 77
0 0 -10 77
15 15 5 92
0 0 5 92
0 0 5 92
0 0 5 92
0 0 5 92
0 0 5 92
0 0 5 92
0 0 5 92
0 0 5 92
0 0 5 92
0 0 5 92
0 0 5 92
0 0 5 92
0 0 5 92
0 0 5 92
0 0 5 92
0 0 5 92
0 0 5 92
0 0 5 92
0 0 5 92
0 0 5 92
0 0 5 92
0 0 5 92
0 0 5 92
0 0 5 92
0 0 5 92
0 0 5 92
0 0 5 92
0 0 5 92
0 0 5 92
0 0 5 92
0 0 5 92
0 0 5 92
0 0 5 92
0 0 5 92
0 0 5 92
0 0 5 92
0 0 5 92
0 0 5 92
0 0 5 92
0 0 5 92
0 0 5 92
0 0 5 92
0 0 5 92
0 0 5 92
0 0 5 92
0 0 5 92
0 0 5 92
0 0 5 92
0 0 5 92
0 0 5 92
0 0 5 92
0 0 5 92
0 0 5 92
0 0 5 92
0 0 5 92
0 0 5 92
0 0 5 92
0 0 5 92
0 0 5 92
0 0 5 92
0 0 5 92
0 0 5 92
0 0 5 92
0 0 5 92
0 0 5 92
0 0 5 92
0 0 5 92
-1 -12 4 80
0 0 4 80
0 0 4 80
0 0 4 80
0 0 4 80
0 0 4 80
0 0 4 80
0 0 4 80
0 0 4 80
0 0 4 80
0 0 4 80
0 0 4 80
0 0 4 80
0 0 4 80
0 0 4 80
0 0 4 80
0 0 4 80
0 0 4 80
0 0 4 80
0 0 4 80
0 0 4 80
0 0 4 80
0 0 4 80
0 0 4 80
0 0 4 80
0 0 4 80
0 0 4 80
0 0 4 80
0 0 4 80
0 0 4 80
0 0 4 80
0 0 4 80
0 0 4 80
0 0 4 80
0 0 4 80
0 0 4 80
0 0 4 80
0 0 4 80
0 0 4 80
0 0 4 80
0 0 4 80
0 0 4 80
0 0 4 80
0 0 4 80
0 0 4 80
0 0 4 80
0 0 4 80
0 0 4 80
0 0 4 80
0 0 4 80
0 0 4 80
0 0 4 80
0 0 4 80
0 0 4 80
0 0 4 80
0 0 4 80
0 0 4 80
0 0 4 80
0 0 4 80
0 0 4 80
0 0 4 80
0 0 4 80
0 0 4 80
0 0 4 80
0 0 4 80
0 0 4 80
0 0 4 80
0 0 4 80
0 0 4 80
0 0 4 80
0 0 4 80
0 0 4 80
0 0 4 80
0 0 4 80
0 0 4 80
9 0 13 80
-11 -4 2 76
2 4 4 80
5 20 9 100
0 0 9 100
0 5 9 105
-5 1 4 106
1 14 5 120
-15 13 -10 133
0 6 -10 139
3 3 -7 142
0 0 -7 142
0 0 -7 142
0 0 -7 142
-6 0 -13 142
0 0 -13 142
-3 8 -16 150
9 6 -7 156
-3 4 -10 160
-13 -6 -23 154
0 5 -23 159
-9 -13 -32 146
-5 -13 -37 133
0 0 -37 133
-14 8 -51 141
-15 1 -66 142
12 0 -54 142
-11 -8 -65 134
3 0 -62 134
0 0 -62 134
3 3 -59 137
2 2 -57 139
0 0 -57 139
0 0 -57 139
0 0 -57 139
4 5 -53 144
-1 -1 -54 143
0 0 -54 143
0 0 -54 143
0 0 -54 143
0 0 -54 143
0 0 -54 143
0 0 -54 143
0 0 -54 143
0 0 -54 143
0 0 -54 143
0 0 -54 143
0 0 -54 143
0 0 -54 143
0 0 -54 143
0 0 -54 143
0 0 -54 143
0 0 -54 143
0 0 -54 143
0 0 -54 143
0 0 -54 143
0 0 -54 143
0 0 -54 143
0 0 -54 143
0 0 -54 143
0 0 -54 143
0 0 -54 143
0 0 -54 143
0 0 -54 143
0 0 -54 143
0 0 -54 143
0 0 -54 143
0 0 -54 143
0 0 -54 143
0 0 -54 143
0 0 -54 143
0 0 -54 143
3 0 -51 143
4 0 -47 143
0 0 -47 143
-8 -10 -55 133
5 6 -50 139
1 15 -49 154
-5 -1 -54 153
0 2 -54 155
0 5 -54 160
-4 1 -58 161
-3 -9 -61 152
0 0 -61 152
-4 6 -65 158
1 -8 -64 150
-5 8 -69 158
3 -1 -66 157
-10 -5 -76 152
7 12 -69 164
6 -4 -63 160
3 5 -60 165
0 0 -60 165
0 0 -60 165
-2 3 -62 168
0 0 -62 168
0 0 -62 168
0 0 -62 168
0 4 -62 172
0 0 -62 172
0 0 -62 172
0 0 -62 172
0 0 -62 172
0 0 -62 172
0 0 -62 172
0 0 -62 172
0 0 -62 172
0 0 -62 172
0 0 -62 172
0 0 -62 172
0 0 -62 172
0 0 -62 172
0 0 -62 172
0 0 -62 172
0 0 -62 172
0 0 -62 172
0 0 -62 172
0 0 -62 172
0 0 -62 172
0 0 -62 172
0 0 -62 172
0 0 -62 172
0 0 -62 172
0 0 -62 172
0 0 -62 172
0 0 -62 172
0 0 -62 172
0 0 -62 172
0 0 -62 172
0 0 -62 172
7 0 -55 172
0 0 -55 172
0 0 -55 172
0 0 -55 172
0 0 -55 172
0 0 -55 172
0 0 -55 172
0 0 -55 172
0 0 -55 172
0 0 -55 172
0 0 -55 172
0 0 -55 172
0 0 -55 172
0 0 -55 172
0 0 -55 172
0 0 -55 172
0 0 -55 172
0 0 -55 172
0 0 -55 172
0 0 -55 172
0 0 -55 172
0 0 -55 172
0 0 -55 172
0 0 -55 172
-7 2 -62 174
0 0 -62 174
0 0 -62 174
0 0 -62 174
0 0 -62 174
0 0 -62 174
0 0 -62 174
0 0 -62 174
0 0 -62 174
0 0 -62 174
0 0 -62 174
0 0 -62 174
0 0 -62 174
0 0 -62 174
0 0 -62 174
0 0 -62 174
0 0 -62 174
0 0 -62 174
0 0 -62 174
0 0 -62 174
0 0 -62 174
0 0 -62 174
0 0 -62 174
0 0 -62 174
0 0 -62 174
0 0 -62 174
0 0 -62 174
0 0 -62 174
0 0 -62 174
0 0 -62 174
0 0 -62 174
0 0 -62 174
0 0 -62 174
0 0 -62 174
0 0 -62 174
0 0 -62 174
0 0 -62 174
0 0 -62 174
-10 -3 -72 171
0 0 -72 171
0 0 -72 171
0 0 -72 171
0 0 -72 171
0 0 -72 171
0 0 -72 171
0 0 -72 171
0 0 -72 171
0 0 -72 171
0 0 -72 171
0 0 -72 171
0 0 -72 171
0 0 -72 171
0 0 -72 171
0 0 -72 171
0 0 -72 171
0 0 -72 171
0 0 -72 171
0 0 -72 171
0 0 -72 171
0 0 -72 171
0 0 -72 171
0 0 -72 171
0 0 -72 171
0 0 -72 171
0 0 -72 171
0 0 -72 171
0 0 -72 171
0 0 -72 171
0 0 -72 171
0 0 -72 171
0 0 -72 171
1 1 -71 172
0 0 -71 172
0 0 -71 172
0 0 -71 172
0 0 -71 172
0 0 -71 172
13 -16 -58 156
0 0 -58 156
-1 15 -59 171
-4 4 -63 175
-23 0 -86 175
0 0 -86 175
4 -5 -82 170
0 0 -82 170
0 0 -82 170
0 0 -82 170
0 0 -82 170
-10 10 -92 180
0 0 -92 180
0 0 -92 180
0 0 -92 180
0 0 -92 180
0 0 -92 180
0 0 -92 180
0 0 -92 180
0 0 -92 180
0 0 -92 180
0 0 -92 180
0 0 -92 180
0 0 -92 180
0 0 -92 180
0 0 -92 180
0 0 -92 180
0 0 -92 180
0 0 -92 180
0 0 -92 180
0 0 -92 180
0 0 -92 180
0 0 -92 180
0 11 -92 191
0 0 -92 191
0 0 -92 191
0 0 -92 191
0 0 -92 191
0 0 -92 191
0 0 -92 191
0 0 -92 191
0 0 -92 191
1 -5 -91 186
0 0 -91 186
0 0 -91 186
0 0 -91 186
0 0 -91 186
0 0 -91 186
-1 -9 -92 177
0 0 -92 177
0 0 -92 177
0 0 -92 177
0 0 -92 177
0 0 -92 177
0 0 -92 177
0 0 -92 177
0 0 -92 177
0 0 -92 177
0 0 -92 177
0 0 -92 177
0 0 -92 177
0 0 -92 177
0 0 -92 177
0 0 -92 177
0 0 -92 177
0 0 -92 177
0 0 -92 177
0 0 -92 177
0 0 -92 177
0 0 -92 177
0 0 -92 177
0 0 -92 177
0 0 -92 177
0 0 -92 177
0 0 -92 177
0 0 -92 177
0 0 -92 177
0 0 -92 177
0 0 -92 177
0 0 -92 177
0 0 -92 177
0 0 -92 177
0 0 -92 177
0 0 -92 177
0 0 -92 177
0 0 -92 177
0 0 -92 177
0 0 -92 177
4 -12 -88 165
1 -21 -87 144
-3 0 -90 144
0 0 -90 144
0 0 -90 144
0 0 -90 144
5 0 -85 144
-5 4 -90 148
0 0 -90 148
5 -8 -85 140
0 0 -85 140
0 0 -85 140
0 0 -85 140
0 0 -85 140
0 0 -85 140
-6 -7 -91 133
0 0 -91 133
0 0 -91 133
0 0 -91 133
0 0 -91 133
0 0 -91 133
0 0 -91 133
0 0 -91 133
0 0 -91 133
0 0 -91 133
0 0 -91 133
0 0 -91 133
0 0 -91 133
0 0 -91 133
0 0 -91 133
0 0 -91 133
0 0 -91 133
-4 -37 -95 96
0 0 -95 96
0 0 -95 96
0 0 -95 96
0 0 -95 96
16 -17 -79 79
0 0 -79 79
13 -7 -66 72
8 -11 -58 61
7 -10 -51 51
0 0 -51 51
8 0 -43 51
13 -2 -30 49
0 0 -30 49
19 16 -11 65
19 36 8 101
0 0 8 101
-2 -3 6 98
0 0 6 98
0 0 6 98
0 0 6 98
0 0 6 98
0 0 6 98
0 0 6 98
0 0 6 98
0 0 6 98
0 0 6 98
0 0 6 98
0 0 6 98
0 0 6 98
0 0 6 98
0 0 6 98
0 0 6 98
0 0 6 98
0 0 6 98
0 0 6 98
0 0 6 98
0 0 6 98
0 0 6 98
0 0 6 98
0 0 6 98
0 0 6 98
0 0 6 98
0 0 6 98
0 0 6 98
0 0 6 98
0 0 6 98
0 0 6 98
0 0 6 98
0 0 6 98
0 0 6 98
0 0 6 98
0 0 6 98
0 0 6 98
0 0 6 98
0 0 6 98
0 0 6 98
0 0 6 98
0 0 6 98
0 0 6 98
0 0 6 98
0 0 6 98
0 0 6 98
0 0 6 98
0 0 6 98
0 0 6 98
0 0 6 98
0 0 6 98
0 0 6 98
0 0 6 98
0 0 6 98
0 0 6 98
0 0 6 98
0 0 6 98
0 0 6 98
0 0 6 98
0 0 6 98
0 0 6 98
0 0 6 98
0 0 6 98
0 0 6 98
0 0 6 98
0 0 6 98
0 0 6 98
0 0 6 98
0 0 6 98
0 0 6 98
0 0 6 98
0 0 6 98
0 0 6 98
0 0 6 98
0 0 6 98
0 0 6 98
0 0 6 98
0 0 6 98
0 0 6 98
0 0 6 98
0 0 6 98
0 0 6 98
0 0 6 98
0 0 6 98
0 0 6 98
0 0 6 98
0 0 6 98
0 0 6 98
0 0 6 98
0 0 6 98
0 0 6 98
0 0 6 98
0 0 6 98
0 0 6 98
0 0 6 98
5 -11 11 87
0 0 11 87
0 0 11 87
0 0 11 87
0 0 11 87
0 0 11 87
0 0 11 87
0 0 11 87
0 0 11 87
0 0 11 87
13 11 24 98
1 7 25 105
4 11 29 116
-9 -17 20 99
0 0 20 99
0 0 20 99
0 0 20 99
0 0 20 99
0 0 20 99
0 0 20 99
-15 3 5 102
2 15 7 117
0 0 7 117
0 0 7 117
0 0 7 117
10 5 17 122
0 0 17 122
-8 -2 9 120
-10 -6 -1 114
0 0 -1 114
0 0 -1 114
0 0 -1 114
0 0 -1 114
0 0 -1 114
0 0 -1 114
0 0 -1 114
0 0 -1 114
0 0 -1 114
0 0 -1 114
0 0 -1 114
-10 4 -11 118
0 0 -11 118
0 0 -11 118
0 0 -11 118
0 0 -11 118
0 0 -11 118
10 1 -1 119
0 0 -1 119
0 0 -1 119
0 0 -1 119
4 -9 3 110
0 0 3 110
0 0 3 110
0 0 3 110
0 0 3 110
0 12 3 122
0 0 3 122
0 0 3 122
-1 7 2 129
3 -14 5 115
1 3 6 118
0 0 6 118
-1 2 5 120
10 -8 15 112
-2 4 13 116
4 5 17 121
2 5 19 126
-5 2 14 128
0 0 14 128
-2 10 12 138
0 0 12 138
0 0 12 138
0 0 12 138
0 0 12 138
0 0 12 138
0 0 12 138
0 0 12 138
0 0 12 138
0 0 12 138
0 0 12 138
0 0 12 138
0 0 12 138
0 0 12 138
0 0 12 138
0 0 12 138
0 0 12 138
0 0 12 138
0 0 12 138
0 0 12 138
0 0 12 138
0 0 12 138
0 0 12 138
0 0 12 138
0 0 12 138
0 0 12 138
0 0 12 138
0 0 12 138
0 0 12 138
5 5 17 143
0 0 17 143
0 0 17 143
0 0 17 143
0 0 17 143
0 0 17 143
0 0 17 143
0 0 17 143
0 0 17 143
0 0 17 143
0 0 17 143
0 0 17 143
0 0 17 143
0 0 17 143
0 0 17 143
0 0 17 143
0 0 17 143
0 0 17 143
0 0 17 143
0 0 17 143
0 0 17 143
0 0 17 143
0 0 17 143
0 0 17 143
0 0 17 143
0 0 17 143
0 0 17 143
0 0 17 143
-3 1 14 144
0 0 14 144
0 0 14 144
0 0 14 144
0 0 14 144
0 0 14 144
3 -7 17 137
0 0 17 137
-5 -21 12 116
0 0 12 116
-2 -6 10 110
0 0 10 110
-2 0 8 110
16 0 24 110
5 -4 29 106
-15 -1 14 105
0 0 14 105
7 21 21 126
5 6 26 132
0 5 26 137
0 0 26 137
0 0 26 137
0 0 26 137
0 7 26 144
0 0 26 144
0 0 26 144
0 0 26 144
0 0 26 144
0 0 26 144
0 0 26 144
0 0 26 144
0 0 26 144
0 0 26 144
0 0 26 144
0 0 26 144
0 0 26 144
0 0 26 144
0 0 26 144
0 0 26 144
0 0 26 144
0 0 26 144
0 0 26 144
0 0 26 144
0 0 26 144
0 0 26 144
0 0 26 144
0 0 26 144
0 0 26 144
0 0 26 144
0 0 26 144
0 0 26 144
0 0 26 144
0 0 26 144
8 17 34 161
7 -1 41 160
0 0 41 160
0 0 41 160
0 0 41 160
3 9 44 169
-14 -3 30 166
0 0 30 166
0 0 30 166
0 0 30 166
0 0 30 166
0 0 30 166
0 0 30 166
4 0 34 166
0 0 34 166
6 6 40 172
3 11 43 183
0 0 43 183
0 0 43 183
0 0 43 183
0 0 43 183
0 0 43 183
0 0 43 183
0 0 43 183
0 0 43 183
0 0 43 183
0 0 43 183
0 0 43 183
0 0 43 183
0 0 43 183
0 0 43 183
0 0 43 183
0 0 43 183
0 0 43 183
0 0 43 183
0 0 43 183
0 0 43 183
0 0 43 183
0 0 43 183
0 0 43 183
0 0 43 183
0 0 43 183
0 0 43 183
0 0 43 183
0 0 43 183
0 0 43 183
0 0 43 183
0 0 43 183
0 0 43 183
0 0 43 183
0 0 43 183
0 0 43 183
0 0 43 183
0 0 43 183
0 0 43 183
0 0 43 183
0 0 43 183
0 0 43 183
0 0 43 183
0 0 43 183
0 0 43 183
0 0 43 183
0 0 43 183
0 0 43 183
0 0 43 183
0 0 43 183
0 0 43 183
0 0 43 183
0 0 43 183
0 0 43 183
0 0 43 183
0 0 43 183
3 1 46 184
0 0 46 184
0 0 46 184
0 0 46 184
0 0 46 184
10 8 56 192
0 0 56 192
0 0 56 192
0 0 56 192
0 0 56 192
0 0 56 192
0 0 56 192
0 0 56 192
0 0 56 192
0 0 56 192
0 0 56 192
0 0 56 192
0 0 56 192
9 18 65 210
0 0 65 210
0 0 65 210
0 0 65 210
0 0 65 210
0 0 65 210
0 0 65 210
0 0 65 210
0 0 65 210
0 0 65 210
0 0 65 210
0 0 65 210
0 0 65 210
0 0 65 210
0 0 65 210
0 0 65 210
0 0 65 210
0 0 65 210
0 0 65 210
0 0 65 210
0 0 65 210
0 0 65 210
0 0 65 210
0 0 65 210
0 0 65 210
0 0 65 210
0 0 65 210
0 0 65 210
0 0 65 210
0 0 65 210
0 0 65 210
0 0 65 210
0 0 65 210
0 0 65 210
0 0 65 210
0 0 65 210
0 0 65 210
0 0 65 210
0 0 65 210
0 0 65 210
0 0 65 210
0 0 65 210
0 0 65 210
0 0 65 210
0 0 65 210
0 0 65 210
0 0 65 210
0 0 65 210
0 0 65 210
0 0 65 210
0 0 65 210
0 0 65 210
0 0 65 210
0 0 65 210
0 0 65 210
0 0 65 210
0 0 65 210
0 0 65 210
0 2 65 212
0 0 65 212
13 14 78 226
16 17 94 243
0 0 94 243
0 0 94 243
0 0 94 243
0 0 94 243
0 0 94 243
0 0 94 243
0 0 94 243
0 0 94 243
0 0 94 243
0 0 94 243
0 0 94 243
0 0 94 243
0 0 94 243
0 0 94 243
0 0 94 243
0 0 94 243
0 0 94 243
0 0 94 243
0 0 94 243
0 0 94 243
0 0 94 243
-2 6 92 249
0 0 92 249
0 0 92 249
0 0 92 249
0 0 92 249
0 0 92 249
0 0 92 249
0 0 92 249
0 0 92 249
-4 -8 88 241
0 0 88 241
20 24 108 265
0 0 108 265
3 6 111 271
0 0 111 271
0 0 111 271
0 0 111 271
0 0 111 271
0 0 111 271
0 3 111 274
0 0 111 274
-5 26 106 300
0 0 106 300
0 0 106 300
-9 4 97 304
0 0 97 304
0 0 97 304
0 0 97 304
2 5 99 309
0 0 99 309
0 0 99 309
0 0 99 309
0 0 99 309
0 0 99 309
0 0 99 309
0 0 99 309
0 0 99 309
0 0 99 309
0 0 99 309
0 0 99 309
0 0 99 309
0 0 99 309
0 0 99 309
0 0 99 309
20 -35 119 274
0 0 119 274
0 0 119 274
0 0 119 274
5 -21 124 253
0 0 124 253
10 8 134 261
0 0 134 261
0 0 134 261
0 0 134 261
0 0 134 261
0 0 134 261
0 0 134 261
0 0 134 261
0 0 134 261
0 0 134 261
0 0 134 261
0 0 134 261
-5 -5 129 256
0 0 129 256
0 0 129 256
0 0 129 256
0 0 129 256
-5 -21 124 235
0 0 124 235
0 0 124 235
0 0 124 235
0 0 124 235
0 0 124 235
0 0 124 235
0 0 124 235
0 0 124 235
0 0 124 235
0 0 124 235
4 8 128 243
2 20 130 263
0 0 130 263
0 0 130 263
0 0 130 263
6 23 136 286
0 0 136 286
10 1 146 287
0 0 146 287
0 0 146 287
0 0 146 287
3 -6 149 281
0 0 149 281
-4 6 145 287
0 0 145 287
13 13 158 300
0 0 158 300
0 0 158 300
0 0 158 300
0 0 158 300
0 0 158 300
0 0 158 300
0 0 158 300
0 0 158 300
0 0 158 300
0 0 158 300
0 0 158 300
0 0 158 300
0 0 158 300
0 0 158 300
0 0 158 300
0 0 158 300
0 0 158 300
0 -36 158 264
0 0 158 264
0 0 158 264
0 0 158 264
0 0 158 264
0 0 158 264
0 0 158 264
0 0 158 264
0 0 158 264
0 0 158 264
0 0 158 264
0 0 158 264
0 0 158 264
0 0 158 264
0 0 158 264
0 0 158 264
0 0 158 264
0 0 158 264
0 0 158 264
0 0 158 264
0 0 158 264
0 0 158 264
0 0 158 264
0 0 158 264
0 0 158 264
0 0 158 264
0 0 158 264
0 0 158 264
0 0 158 264
0 0 158 264
0 0 158 264
0 0 158 264
0 0 158 264
0 0 158 264
0 0 158 264
0 0 158 264
0 0 158 264
0 0 158 264
0 0 158 264
0 0 158 264
0 0 158 264
0 0 158 264
0 0 158 264
0 0 158 264
0 0 158 264
0 0 158 264
0 0 158 264
0 0 158 264
0 0 158 264
0 0 158 264
0 0 158 264
0 0 158 264
0 0 158 264
0 0 158 264
0 0 158 264
0 0 158 264
0 0 158 264
0 0 158 264
0 0 158 264
0 0 158 264
0 0 158 264
0 0 158 264
0 0 158 264
0 0 158 264
0 0 158 264
0 0 158 264
0 0 158 264
0 0 158 264
0 0 158 264
0 0 158 264
0 0 158 264
0 0 158 264
0 0 158 264
0 0 158 264
0 0 158 264
0 0 158 264
0 0 158 264
0 0 158 264
0 0 158 264
0 0 158 264
0 0 158 264
0 0 158 264
0 0 158 264
0 0 158 264
0 0 158 264
0 0 158 264
0 0 158 264
0 0 158 264
0 0 158 264
0 0 158 264
0 0 158 264
0 0 158 264
0 0 158 264
0 0 158 264
0 0 158 264
0 0 158 264
0 0 158 264
0 0 158 264
0 0 158 264
0 0 158 264
0 0 158 264
0 0 158 264
0 0 158 264
0 0 158 264
0 0 158 264
0 0 158 264
0 0 158 264
0 0 158 264
0 0 158 264
0 0 158 264
0 0 158 264
0 0 158 264
0 0 158 264
0 0 158 264
0 0 158 264
0 0 158 264
0 0 158 264
0 0 158 264
0 0 158 264
0 0 158 264
0 0 158 264
0 0 158 264
0 0 158 264
0 0 158 264
0 0 158 264
0 0 158 264
0 0 158 264
0 0 158 264
0 0 158 264
0 0 158 264
0 0 158 264
0 0 158 264
0 0 158 264
0 0 158 264
0 0 158 264
0 0 158 264
0 0 158 264
0 0 158 264
0 0 158 264
0 0 158 264
0 0 158 264
0 0 158 264
0 0 158 264
0 0 158 264
0 0 158 264
0 0 158 264
0 0 158 264
0 0 158 264
0 0 158 264
0 0 158 264
0 0 158 264
0 0 158 264
0 0 158 264
0 0 158 264
0 0 158 264
0 0 158 264
0 0 158 264
0 0 158 264
0 0 158 264
0 0 158 264
0 0 158 264
0 0 158 264
0 0 158 264
0 0 158 264
0 0 158 264
0 0 158 264
0 0 158 264
0 0 158 264
0 0 158 264
0 0 158 264
0 0 158 264
7 -5 165 259
0 0 165 259
0 0 165 259
0 0 165 259
0 0 165 259
0 0 165 259
-9 29 156 288
0 0 156 288
0 0 156 288
0 0 156 288
0 0 156 288
0 0 156 288
0 0 156 288
0 0 156 288
0 0 156 288
0 0 156 288
15 4 171 292
0 0 171 292
0 0 171 292
0 0 171 292
0 0 171 292
0 0 171 292
0 0 171 292
0 0 171 292
0 0 171 292
0 0 171 292
0 0 171 292
0 0 171 292
0 0 171 292
0 0 171 292
0 0 171 292
0 0 171 292
0 0 171 292
0 0 171 292
-10 -11 161 281
-12 -2 149 279
0 0 149 279
0 0 149 279
0 0 149 279
-1 -6 148 273
0 0 148 273
0 0 148 273
0 0 148 273
-2 -9 146 264
0 0 146 264
0 0 146 264
0 0 146 264
0 0 146 264
-20 11 126 275
0 0 126 275
0 0 126 275
-4 -14 122 261
-1 9 121 270
0 0 121 270
0 0 121 270
0 0 121 270
0 0 121 270
0 0 121 270
0 0 121 270
0 0 121 270
0 0 121 270
0 0 121 270
0 0 121 270
0 0 121 270
0 0 121 270
0 0 121 270
0 0 121 270
0 0 121 270
0 0 121 270
0 0 121 270
0 0 121 270
0 0 121 270
0 0 121 270
0 0 121 270
0 0 121 270
8 7 129 277
0 0 129 277
0 0 129 277
0 0 129 277
0 0 129 277
0 0 129 277
0 0 129 277
0 0 129 277
0 0 129 277
0 0 129 277
0 0 129 277
0 0 129 277
0 0 129 277
0 0 129 277
0 0 129 277
0 0 129 277
0 0 129 277
0 0 129 277
0 0 129 277
0 0 129 277
0 0 129 277
0 0 129 277
0 0 129 277
0 0 129 277
0 0 129 277
0 0 129 277
0 0 129 277
0 0 129 277
0 0 129 277
0 0 129 277
0 0 129 277
0 0 129 277
0 0 129 277
0 0 129 277
0 0 129 277
0 0 129 277
0 0 129 277
0 0 129 277
0 0 129 277
0 0 129 277
0 0 129 277
0 0 129 277
0 0 129 277
0 0 129 277
0 0 129 277
0 0 129 277
0 0 129 277
2 15 131 292
0 0 131 292
0 0 131 292
0 0 131 292
0 0 131 292
0 0 131 292
0 0 131 292
0 0 131 292
0 0 131 292
0 0 131 292
0 0 131 292
3 0 134 292
0 0 134 292
0 0 134 292
2 0 136 292
0 0 136 292
5 7 141 299
-6 -18 135 281
0 0 135 281
0 0 135 281
5 -11 140 270
0 0 140 270
0 0 140 270
0 0 140 270
0 0 140 270
8 -10 148 260
0 0 148 260
-13 1 135 261
4 -17 139 244
0 0 139 244
-10 1 129 245
1 -15 130 230
21 -8 151 222
0 0 151 222
23 -18 174 204
13 2 187 206
27 8 214 214
0 0 214 214
-14 0 200 214
0 0 200 214
0 0 200 214
0 0 200 214
0 0 200 214
0 0 200 214
0 0 200 214
0 0 200 214
0 0 200 214
0 0 200 214
0 0 200 214
0 0 200 214
0 0 200 214
0 0 200 214
0 0 200 214
0 0 200 214
0 0 200 214
0 0 200 214
0 0 200 214
0 0 200 214
0 0 200 214
0 0 200 214
0 0 200 214
0 0 200 214
0 0 200 214
0 0 200 214
0 0 200 214
0 0 200 214
0 0 200 214
0 0 200 214
0 0 200 214
0 0 200 214
0 0 200 214
1 21 201 235
0 0 201 235
-7 27 194 262
6 -8 200 254
-7 12 193 266
8 -9 201 257
1 16 202 273
-3 1 199 274
-7 -6 192 268
-3 14 189 282
-3 -11 186 271
0 0 186 271
-1 -22 185 249
-5 -8 180 241
-5 9 175 250
-5 -23 170 227
0 0 170 227
15 15 185 242
4 16 189 258
0 0 189 258
0 0 189 258
0 0 189 258
11 -13 200 245
0 0 200 245
0 0 200 245
0 0 200 245
0 0 200 245
0 0 200 245
0 0 200 245
2 -19 202 226
9 7 211 233
0 0 211 233
0 0 211 233
0 0 211 233
0 0 211 233
0 0 211 233
0 0 211 233
0 0 211 233
0 0 211 233
0 0 211 233
0 0 211 233
0 0 211 233
0 0 211 233
0 0 211 233
0 0 211 233
0 0 211 233
0 0 211 233
0 0 211 233
0 0 211 233
0 0 211 233
-7 -2 204 231
-1 -6 203 225
0 0 203 225
0 0 203 225
19 -9 222 216
0 0 222 216
8 10 230 226
0 0 230 226
0 0 230 226
0 0 230 226
-1 7 229 233
16 -1 245 232
-15 30 230 262
0 0 230 262
0 0 230 262
0 0 230 262
0 0 230 262
0 0 230 262
0 0 230 262
0 0 230 262
0 0 230 262
0 0 230 262
0 0 230 262
0 0 230 262
0 0 230 262
0 0 230 262
0 0 230 262
0 0 230 262
0 0 230 262
0 0 230 262
0 0 230 262
0 0 230 262
0 0 230 262
0 0 230 262
0 0 230 262
0 0 230 262
0 0 230 262
0 0 230 262
0 0 230 262
0 0 230 262
0 0 230 262
0 0 230 262
0 0 230 262
0 0 230 262
0 0 230 262
0 0 230 262
0 0 230 262
0 0 230 262
0 0 230 262
0 0 230 262
0 0 230 262
0 0 230 262
0 0 230 262
0 0 230 262
0 0 230 262
0 0 230 262
0 0 230 262
5 -20 235 242
-10 -4 225 238
0 0 225 238
0 0 225 238
0 0 225 238
-5 13 220 251
4 -3 224 248
2 -13 226 235
0 0 226 235
2 7 228 242
17 -2 245 240
1 15 246 255
-2 -12 244 243
0 4 244 247
18 -6 262 241
0 0 262 241
-2 -25 260 216
-2 -2 258 214
12 6 270 220
1 4 271 224
-10 4 261 228
-6 7 255 235
5 -8 260 227
-8 7 252 234
7 -7 259 227
-8 -27 251 200
-7 9 244 209
11 -1 255 208
-3 -14 252 194
7 -1 259 193
-1 -7 258 186
2 2 260 188
-5 -10 255 178
0 6 255 184
2 -9 257 175
7 -11 264 164
-4 -15 260 149
0 10 260 159
1 14 261 173
-3 12 258 185
-10 16 248 201
6 30 254 231
0 0 254 231
7 -27 261 204
4 -18 265 186
0 0 265 186
0 0 265 186
0 0 265 186
0 0 265 186
0 0 265 186
0 0 265 186
1 5 266 191
5 0 271 191
0 0 271 191
0 0 271 191
0 0 271 191
0 0 271 191
0 0 271 191
0 0 271 191
0 0 271 191
0 0 271 191
-3 -1 268 190
0 0 268 190
0 0 268 190
0 0 268 190
0 0 268 190
0 0 268 190
0 0 268 190
0 0 268 190
0 0 268 190
0 0 268 190
0 0 268 190
0 0 268 190
0 0 268 190
0 0 268 190
0 0 268 190
0 -10 268 180
0 0 268 180
0 0 268 180
0 0 268 180
1 -15 269 165
7 -6 276 159
0 0 276 159
10 11 286 170
8 8 294 178
0 0 294 178
-5 17 289 195
0 0 289 195
8 12 297 207
0 -6 297 201
0 0 297 201
3 4 300 205
1 -12 301 193
10 19 311 212
-6 -14 305 198
-2 -29 303 169
1 22 304 191
1 -7 305 184
-12 -25 293 159
0 0 293 159
-12 0 281 159
19 18 300 177
13 7 313 184
2 -5 315 179
-3 -18 312 161
-2 -17 310 144
2 8 312 152
-8 -21 304 131
1 -2 305 129
11 20 316 149
10 -2 326 147
13 4 339 151
1 0 340 151
0 11 340 162
7 -16 347 146
2 14 349 160
-15 9 334 169
0 20 334 189
1 17 335 206
0 0 335 206
0 0 335 206
0 0 335 206
2 -1 337 205
-7 3 330 208
0 0 330 208
0 -3 330 205
4 5 334 210
3 17 337 227
0 0 337 227
0 0 337 227
0 0 337 227
0 0 337 227
0 0 337 227
0 0 337 227
0 0 337 227
0 0 337 227
-22 7 315 234
0 0 315 234
0 0 315 234
0 0 315 234
0 0 315 234
0 0 315 234
0 0 315 234
-19 18 296 252
0 0 296 252
0 0 296 252
0 0 296 252
0 0 296 252
0 0 296 252
0 0 296 252
0 0 296 252
0 0 296 252
-9 26 287 278
0 0 287 278
1 12 288 290
0 0 288 290
-5 15 283 305
0 0 283 305
-10 -5 273 300
-25 3 248 303
-8 19 240 322
-18 14 222 336
-24 9 198 345
-8 8 190 353
0 0 190 353
0 0 190 353
0 0 190 353
0 0 190 353
0 0 190 353
0 0 190 353
0 0 190 353
0 0 190 353
0 0 190 353
0 0 190 353
0 0 190 353
0 0 190 353
0 0 190 353
0 0 190 353
0 0 190 353
0 0 190 353
0 0 190 353
0 0 190 353
0 0 190 353
0 0 190 353
0 0 190 353
0 0 190 353
0 0 190 353
0 0 190 353
0 0 190 353
0 0 190 353
0 0 190 353
0 0 190 353
0 0 190 353
0 0 190 353
0 0 190 353
0 0 190 353
8 -1 198 352
0 0 198 352
0 0 198 352
0 0 198 352
3 -9 201 343
0 0 201 343
-4 14 197 357
10 0 207 357
0 0 207 357
8 -6 215 351
-2 -6 213 345
3 -13 216 332
6 -9 222 323
13 -9 235 314
1 -10 236 304
-3 -2 233 302
-4 -18 229 284
-2 6 227 290
5 -16 232 274
-11 -4 221 270
7 10 228 280
0 0 228 280
-8 1 220 281
-7 4 213 285
-8 6 205 291
5 5 210 296
0 2 210 298
-2 4 208 302
5 5 213 307
-10 12 203 319
0 0 203 319
-3 1 200 320
-4 -13 196 307
-2 -8 194 299
9 6 203 305
0 -4 203 301
0 0 203 301
0 0 203 301
0 0 203 301
0 0 203 301
0 0 203 301
0 0 203 301
0 0 203 301
0 0 203 301
0 0 203 301
0 0 203 301
1 5 204 306
0 0 204 306
0 0 204 306
0 0 204 306
0 0 204 306
0 0 204 306
0 0 204 306
0 0 204 306
0 0 204 306
0 0 204 306
0 0 204 306
1 -3 205 303
0 0 205 303
0 0 205 303
0 0 205 303
0 0 205 303
0 0 205 303
0 0 205 303
0 0 205 303
0 0 205 303
0 0 205 303
0 0 205 303
0 0 205 303
0 0 205 303
0 0 205 303
0 0 205 303
0 0 205 303
0 0 205 303
0 0 205 303
0 0 205 303
0 0 205 303
0 0 205 303
0 0 205 303
0 0 205 303
0 0 205 303
0 0 205 303
0 0 205 303
0 0 205 303
0 0 205 303
0 0 205 303
0 0 205 303
0 0 205 303
0 0 205 303
0 0 205 303
-3 6 202 309
-6 4 196 313
0 0 196 313
0 0 196 313
0 0 196 313
-1 -13 195 300
5 -7 200 293
0 6 200 299
9 -3 209 296
3 -5 212 291
2 -5 214 286
0 0 214 286
1 -3 215 283
1 7 216 290
-2 9 214 299
-8 -3 206 296
0 0 206 296
-6 6 200 302
12 -11 212 291
-10 12 202 303
2 -1 204 302
11 -13 215 289
-12 0 203 289
0 5 203 294
11 13 214 307
5 11 219 318
10 4 229 322
2 -1 231 321
0 -6 231 315
0 1 231 316
-4 5 227 321
10 -5 237 316
3 -12 240 304
0 8 240 312
2 8 242 320
0 -5 242 315
3 0 245 315
-9 1 236 316
7 -10 243 306
-13 0 230 306
-14 19 216 325
-5 18 211 343
-5 5 206 348
-8 6 198 354
0 0 198 354
0 0 198 354
-16 -25 182 329
0 0 182 329
3 -3 185 326
0 0 185 326
0 0 185 326
15 -2 200 324
8 -7 208 317
2 -1 210 316
0 -5 210 311
-2 -12 208 299
-6 6 202 305
-10 3 192 308
-9 10 183 318
1 9 184 327
-20 -14 164 313
-8 -3 156 310
0 0 156 310
-2 -13 154 297
-6 0 148 297
0 7 148 304
-2 6 146 310
-1 0 145 310
-2 14 143 324
1 2 144 326
6 -5 150 321
3 7 153 328
-10 -15 143 313
-11 -13 132 300
-10 -5 122 295
3 2 125 297
0 0 125 297
-1 -8 124 289
-6 14 118 303
0 0 118 303
-11 8 107 311
0 2 107 313
1 -10 108 303
1 11 109 314
2 -3 111 311
10 -15 121 296
2 0 123 296
0 0 123 296
-10 -6 113 290
3 -4 116 286
4 13 120 299
-2 11 118 310
-2 -9 116 301
6 2 122 303
9 7 131 310
5 9 136 319
7 1 143 320
0 0 143 320
-1 -8 142 312
9 12 151 324
6 6 157 330
0 0 157 330
0 0 157 330
0 0 157 330
0 0 157 330
0 0 157 330
0 0 157 330
0 0 157 330
0 0 157 330
0 0 157 330
0 0 157 330
0 0 157 330
0 0 157 330
0 0 157 330
0 0 157 330
0 0 157 330
0 0 157 330
0 0 157 330
0 0 157 330
0 0 157 330
0 0 157 330
0 0 157 330
0 0 157 330
0 0 157 330
0 0 157 330
0 0 157 330
0 0 157 330
0 0 157 330
0 0 157 330
0 0 157 330
0 0 157 330
0 0 157 330
0 0 157 330
0 0 157 330
0 0 157 330
0 0 157 330
0 0 157 330
0 0 157 330
0 0 157 330
0 0 157 330
0 0 157 330
0 0 157 330
0 0 157 330
0 0 157 330
0 0 157 330
0 0 157 330
0 0 157 330
0 0 157 330
0 0 157 330
0 0 157 330
0 0 157 330
0 0 157 330
0 0 157 330
0 0 157 330
0 0 157 330
0 0 157 330
0 0 157 330
0 0 157 330
0 0 157 330
0 0 157 330
0 0 157 330
0 0 157 330
0 0 157 330
0 0 157 330
0 0 157 330
0 0 157 330
0 0 157 330
0 0 157 330
0 0 157 330
0 0 157 330
0 0 157 330
0 0 157 330
0 0 157 330
0 0 157 330
0 0 157 330
0 0 157 330
0 0 157 330
0 0 157 330
0 0 157 330
0 0 157 330
0 0 157 330
0 0 157 330
0 0 157 330
0 0 157 330
0 0 157 330
0 0 157 330
0 0 157 330
0 0 157 330
0 0 157 330
0 0 157 330
0 0 157 330
0 0 157 330
0 0 157 330
0 0 157 330
0 0 157 330
0 0 157 330
0 0 157 330
0 0 157 330
0 0 157 330
0 0 157 330
0 0 157 330
0 0 157 330
0 0 157 330
0 0 157 330
0 0 157 330
0 0 157 330
0 0 157 330
0 0 157 330
0 0 157 330
0 0 157 330
0 0 157 330
0 0 157 330
0 0 157 330
0 0 157 330
0 0 157 330
0 0 157 330
0 0 157 330
0 0 157 330
0 0 157 330
0 0 157 330
0 0 157 330
0 0 157 330
0 0 157 330
0 0 157 330
0 0 157 330
0 0 157 330
0 0 157 330
0 0 157 330
0 0 157 330
0 0 157 330
0 0 157 330
0 0 157 330
0 0 157 330
0 0 157 330
0 0 157 330
0 0 157 330
0 0 157 330
0 0 157 330
0 0 157 330
0 0 157 330
0 0 157 330
0 0 157 330
0 0 157 330
0 0 157 330
0 0 157 330
0 0 157 330
0 0 157 330
0 0 157 330
0 0 157 330
0 0 157 330
0 0 157 330
0 0 157 330
0 0 157 330
0 0 157 330
0 0 157 330
0 0 157 330
0 0 157 330
0 0 157 330
0 0 157 330
0 0 157 330
0 0 157 330
0 0 157 330
0 0 157 330
0 0 157 330
0 0 157 330
0 0 157 330
0 0 157 330
0 0 157 330
0 0 157 330
0 0 157 330
0 0 157 330
0 0 157 330
0 0 157 330
0 0 157 330
0 0 157 330
0 0 157 330
0 0 157 330
0 0 157 330
0 0 157 330
0 0 157 330
0 0 157 330
0 0 157 330
0 0 157 330
0 0 157 330
0 0 157 330
0 0 157 330
0 0 157 330
0 0 157 330
0 0 157 330
0 0 157 330
0 0 157 330
0 0 157 330
0 0 157 330
0 0 157 330
0 0 157 330
0 0 157 330
0 0 157 330
0 0 157 330
0 0 157 330
0 0 157 330
0 0 157 330
0 0 157 330
0 0 157 330
0 0 157 330
0 0 157 330
0 0 157 330
0 0 157 330
0 0 157 330
0 0 157 330
0 0 157 330
0 0 157 330
0 0 157 330
0 0 157 330
0 0 157 330
0 0 157 330
0 0 157 330
0 0 157 330
0 0 157 330
0 0 157 330
0 0 157 330
0 0 157 330
0 0 157 330
0 0 157 330
0 0 157 330
0 0 157 330
0 0 157 330
0 0 157 330
0 0 157 330
0 0 157 330
0 0 157 330
0 0 157 330
0 0 157 330
0 0 157 330
0 0 157 330
0 0 157 330
0 0 157 330
0 0 157 330
0 0 157 330
0 0 157 330
0 0 157 330
0 0 157 330
0 0 157 330
0 0 157 330
0 0 157 330
0 0 157 330
0 0 157 330
0 0 157 330
0 0 157 330
0 0 157 330
0 0 157 330
0 0 157 330
0 0 157 330
0 0 157 330
0 0 157 330
0 0 157 330
0 0 157 330
0 0 157 330
0 0 157 330
0 0 157 330
0 0 157 330
0 0 157 330
11 11 168 341
18 20 186 361
33 10 219 371
-16 -7 203 364
-16 16 187 380
-16 6 171 386
-20 -14 151 372
17 9 168 381
5 -8 173 373
-2 -1 171 372
-12 16 159 388
-6 7 153 395
-6 -5 147 390
-6 10 141 400
-17 6 124 406
2 -21 126 385
0 0 126 385
0 0 126 385
0 0 126 385
0 0 126 385
10 -3 136 382
4 0 140 382
0 0 140 382
0 0 140 382
0 0 140 382
0 0 140 382
0 0 140 382
0 0 140 382
0 0 140 382
0 0 140 382
0 0 140 382
0 0 140 382
0 0 140 382
0 0 140 382
0 0 140 382
0 0 140 382
0 0 140 382
0 0 140 382
0 0 140 382
0 0 140 382
0 0 140 382
0 0 140 382
0 0 140 382
0 0 140 382
0 0 140 382
0 0 140 382
0 0 140 382
0 0 140 382
0 0 140 382
0 0 140 382
0 0 140 382
0 0 140 382
0 0 140 382
0 0 140 382
0 0 140 382
0 0 140 382
0 0 140 382
0 0 140 382
0 0 140 382
0 0 140 382
0 0 140 382
0 0 140 382
0 0 140 382
0 0 140 382
0 0 140 382
0 0 140 382
0 0 140 382
0 0 140 382
0 0 140 382
0 0 140 382
0 0 140 382
0 0 140 382
0 0 140 382
0 0 140 382
0 0 140 382
0 0 140 382
0 0 140 382
0 0 140 382
0 0 140 382
0 0 140 382
0 0 140 382
0 0 140 382
0 0 140 382
0 0 140 382
0 0 140 382
0 0 140 382
0 0 140 382
0 0 140 382
0 0 140 382
0 0 140 382
0 0 140 382
0 0 140 382
0 0 140 382
0 0 140 382
0 0 140 382
0 0 140 382
0 0 140 382
0 0 140 382
0 0 140 382
0 0 140 382
0 0 140 382
0 0 140 382
0 0 140 382
0 0 140 382
0 0 140 382
0 0 140 382
0 0 140 382
0 0 140 382
0 0 140 382
0 0 140 382
0 0 140 382
0 0 140 382
0 0 140 382
0 0 140 382
0 0 140 382
0 0 140 382
0 0 140 382
0 0 140 382
0 0 140 382
0 0 140 382
0 0 140 382
0 0 140 382
0 0 140 382
0 0 140 382
0 0 140 382
0 0 140 382
0 0 140 382
0 0 140 382
0 0 140 382
0 0 140 382
0 0 140 382
0 0 140 382
0 0 140 382
0 0 140 382
0 0 140 382
0 0 140 382
0 0 140 382
0 0 140 382
0 0 140 382
0 0 140 382
0 0 140 382
0 0 140 382
0 0 140 382
0 0 140 382
0 0 140 382
0 0 140 382
0 0 140 382
0 0 140 382
0 0 140 382
0 0 140 382
0 0 140 382
0 0 140 382
0 0 140 382
0 0 140 382
0 0 140 382
0 0 140 382
0 0 140 382
0 0 140 382
0 0 140 382
0 0 140 382
0 0 140 382
0 0 140 382
0 0 140 382
0 0 140 382
0 0 140 382
0 0 140 382
0 0 140 382
0 0 140 382
0 0 140 382
0 0 140 382
0 0 140 382
0 0 140 382
0 0 140 382
0 0 140 382
0 0 140 382
0 0 140 382
0 0 140 382
0 0 140 382
0 0 140 382
0 0 140 382
0 0 140 382
0 0 140 382
0 0 140 382
0 0 140 382
0 0 140 382
0 0 140 382
0 0 140 382
0 0 140 382
0 0 140 382
0 0 140 382
0 0 140 382
0 0 140 382
0 0 140 382
0 0 140 382
