-6 3 -6 3
-1 -2 -7 1
11 19 4 20
0 -4 4 16
7 11 11 27
-12 2 -1 29
-16 0 -17 29
9 -3 -8 26
-5 0 -13 26
15 2 2 28
4 -6 6 22
-4 0 2 22
-12 -11 -10 11
0 -3 -10 8
4 2 -6 10
0 0 -6 10
6 0 0 10
-4 -2 -4 8
-1 -2 -5 6
0 2 -5 8
-4 -6 -9 2
2 -2 -7 0
18 1 11 1
-3 -2 8 -1
0 0 8 -1
-7 -9 1 -10
5 1 6 -9
5 1 11 -8
2 -4 13 -12
-9 -2 4 -14
-8 1 -4 -13
-10 -5 -14 -18
4 1 -10 -17
8 -1 -2 -18
-12 -7 -14 -25
3 4 -11 -21
15 3 4 -18
7 7 11 -11
2 4 13 -7
-2 1 11 -6
10 -2 21 -8
-13 5 8 -3
4 2 12 -1
0 0 12 -1
-7 -6 5 -7
2 11 7 4
-4 6 3 10
-2 3 1 13
-1 1 0 14
3 2 3 16
3 3 6 19
0 4 6 23
-4 0 2 23
-2 -2 0 21
3 3 3 24
-6 -1 -3 23
8 2 5 25
0 -8 5 17
1 0 6 17
0 7 6 24
14 -3 20 21
-3 -1 17 20
3 0 20 20
-4 -6 16 14
-8 -3 8 11
0 1 8 12
0 0 8 12
0 2 8 14
1 0 9 14
3 -4 12 10
1 5 13 15
1 -4 14 11
14 -3 28 8
2 -3 30 5
-2 -3 28 2
-1 3 27 5
0 1 27 6
2 -4 29 2
0 -5 29 -3
-4 2 25 -1
0 -5 25 -6
4 -3 29 -9
0 -1 29 -10
4 -6 33 -16
-1 -6 32 -22
17 -1 49 -23
-14 0 35 -23
-28 0 7 -23
21 12 28 -11
0 -6 28 -17
21 17 49 0
14 14 63 14
0 -5 63 9
11 2 74 11
0 0 74 11
0 -3 74 8
10 5 84 13
-1 -2 83 11
-6 -13 77 -2
2 -7 79 -9
6 -5 85 -14
2 3 87 -11
1 0 88 -11
5 -4 93 -15
0 5 93 -10
2 -5 95 -15
1 -4 96 -19
-6 -15 90 -34
1 0 91 -34
19 15 110 -19
13 28 123 9
-7 -30 116 -21
18 19 134 -2
7 11 141 9
1 0 142 9
1 0 143 9
-14 18 129 27
0 0 129 27
0 -1 129 26
-11 31 118 57
-7 25 111 82
5 -29 116 53
0 0 116 53
-9 14 107 67
0 0 107 67
0 23 107 90
0 25 107 115
-9 -20 98 95
-6 -24 92 71
-4 -20 88 51
6 25 94 76
-6 27 88 103
-4 20 84 123
-1 -15 83 108
1 -23 84 85
-1 -21 83 64
-4 -30 79 34
2 23 81 57
6 24 87 81
-5 -22 82 59
0 0 82 59
7 10 89 69
5 22 94 91
-4 21 90 112
0 3 90 115
-4 -25 86 90
-8 -22 78 68
-6 -23 72 45
-8 -12 64 33
0 0 64 33
-4 -21 60 12
0 0 60 12
-3 20 57 32
-1 15 56 47
0 -5 56 42
1 27 57 69
0 0 57 69
-2 19 55 88
-2 15 53 103
1 -11 54 92
1 18 55 110
4 15 59 125
3 23 62 148
0 0 62 148
-1 -8 61 140
-3 -27 58 113
3 -16 61 97
-5 9 56 106
5 28 61 134
-8 -22 53 112
3 20 56 132
-3 0 53 132
-12 -5 41 127
1 5 42 132
21 11 63 143
-24 -3 39 140
23 2 62 142
-5 1 57 143
15 4 72 147
14 0 86 147
12 -2 98 145
1 3 99 148
-30 3 69 151
-10 1 59 152
1 2 60 154
-9 0 51 154
-15 10 36 164
21 -9 57 155
5 -1 62 154
-5 7 57 161
-6 6 51 167
0 -4 51 163
0 2 51 165
2 -14 53 151
4 5 57 156
-3 0 54 156
0 -4 54 152
-1 2 53 154
0 0 53 154
1 2 54 156
-3 -3 51 153
5 4 56 157
-9 14 47 171
-2 2 45 173
0 -5 45 168
-5 -7 40 161
8 -7 48 154
15 -15 63 139
16 -6 79 133
15 -7 94 126
7 1 101 127
9 -2 110 125
5 -15 115 110
-8 23 107 133
2 -6 109 127
8 6 117 133
2 -13 119 120
0 0 119 120
-1 -6 118 114
-13 8 105 122
6 -4 111 118
3 -15 114 103
-10 5 104 108
7 -9 111 99
-9 10 102 109
-1 0 101 109
8 -8 109 101
0 0 109 101
-2 1 107 102
-18 8 89 110
20 -2 109 108
17 -7 126 101
0 -1 126 100
16 -16 142 84
7 -11 149 73
4 -12 153 61
-1 0 152 61
-28 8 124 69
21 -5 145 64
4 0 149 64
26 -8 175 56
-15 9 160 65
4 -2 164 63
26 -13 190 50
-16 10 174 60
-29 4 145 64
0 0 145 64
23 3 168 67
19 -2 187 65
12 8 199 73
-13 -13 186 60
-7 -4 179 56
3 8 182 64
-4 -2 178 62
-9 1 169 63
1 -8 170 55
-12 3 158 58
-1 0 157 58
12 -3 169 55
-1 2 168 57
10 -2 178 55
22 7 200 62
2 13 202 75
-1 -6 201 69
-3 -8 198 61
7 10 205 71
3 10 208 81
0 -4 208 77
6 5 214 82
-6 5 208 87
-2 0 206 87
-20 0 186 87
-19 -6 167 81
16 5 183 86
3 -3 186 83
-9 4 177 87
5 -4 182 83
-1 2 181 85
0 -12 181 73
-9 6 172 79
-6 11 166 90
3 11 169 101
-2 -4 167 97
-6 -7 161 90
-6 -3 155 87
3 1 158 88
-3 -2 155 86
1 -4 156 82
-9 9 147 91
10 3 157 94
-9 0 148 94
-8 0 140 94
-7 0 133 94
-4 9 129 103
-3 -1 126 102
0 0 126 102
5 1 131 103
-6 -5 125 98
-2 5 123 103
-6 -11 117 92
-5 0 112 92
4 -2 116 90
0 -9 116 81
0 -2 116 79
1 12 117 91
1 -1 118 90
0 -1 118 89
4 3 122 92
7 -12 129 80
7 -6 136 74
0 0 136 74
-6 9 130 83
-12 12 118 95
0 0 118 95
-18 13 100 108
0 -2 100 106
6 -2 106 104
-6 -16 100 88
1 -5 101 83
3 -3 104 80
-23 20 81 100
0 -1 81 99
-19 21 62 120
26 -6 88 114
17 -10 105 104
-6 13 99 117
5 -14 104 103
2 -3 106 100
0 0 106 100
2 -7 108 93
-1 -4 107 89
5 2 112 91
0 -4 112 87
5 0 117 87
3 -7 120 80
1 3 121 83
4 2 125 85
0 -1 125 84
1 -1 126 83
4 7 130 90
-1 0 129 90
3 0 132 90
-1 10 131 100
1 -4 132 96
-3 2 129 98
2 4 131 102
1 2 132 104
0 -7 132 97
-4 -2 128 95
5 -8 133 87
0 7 133 94
-6 -1 127 93
-12 14 115 107
-3 -9 112 98
-3 10 109 108
-2 7 107 115
-9 -3 98 112
0 1 98 113
-9 8 89 121
12 -5 101 116
-16 10 85 126
-2 5 83 131
11 -10 94 121
-2 0 92 121
25 -8 117 113
-15 9 102 122
22 -9 124 113
-2 4 122 117
-23 16 99 133
0 19 99 152
10 -7 109 145
-2 3 107 148
-1 1 106 149
1 -1 107 148
-5 0 102 148
6 7 108 155
-1 -10 107 145
4 -6 111 139
1 11 112 150
5 -3 117 147
-2 2 115 149
-8 -7 107 142
7 3 114 145
0 -2 114 143
0 1 114 144
-1 6 113 150
0 0 113 150
-3 -5 110 145
10 -3 120 142
-9 0 111 142
2 -3 113 139
-7 -3 106 136
1 -1 107 135
1 0 108 135
-1 -5 107 130
0 -2 107 128
0 -8 107 120
1 -1 108 119
-3 -4 105 115
-2 0 103 115
-3 -16 100 99
27 -16 127 83
-7 -7 120 76
22 3 142 79
-21 -5 121 74
23 4 144 78
0 0 144 78
-20 -14 124 64
9 18 133 82
0 1 133 83
-7 -22 126 61
-6 -18 120 43
-1 0 119 43
2 2 121 45
-2 -3 119 42
-8 4 111 46
-3 -2 108 44
4 4 112 48
5 -2 117 46
-1 0 116 46
0 0 116 46
-9 -4 107 42
-5 -2 102 40
-1 -6 101 34
0 0 101 34
0 0 101 34
0 -4 101 30
1 4 102 34
2 6 104 40
-16 -10 88 30
15 16 103 46
0 0 103 46
15 -19 118 27
16 -8 134 19
-13 -3 121 16
-28 0 93 16
25 0 118 16
15 6 133 22
-20 -1 113 21
0 0 113 21
5 1 118 22
0 1 118 23
-27 -11 91 12
18 16 109 28
21 16 130 44
28 0 158 44
-22 -6 136 38
16 8 152 46
-16 -11 136 35
0 0 136 35
-3 -7 133 28
2 1 135 29
20 13 155 42
-13 -6 142 36
0 0 142 36
-26 -13 116 23
-8 -3 108 20
2 0 110 20
22 11 132 31
18 13 150 44
12 2 162 46
15 7 177 53
22 17 199 70
-1 -1 198 69
18 12 216 81
11 15 227 96
0 0 227 96
-22 -14 205 82
22 16 227 98
10 8 237 106
3 0 240 106
9 5 249 111
16 8 265 119
11 4 276 123
0 -7 276 116
-8 -7 268 109
-19 -16 249 93
9 12 258 105
-11 -9 247 96
-5 -15 242 81
5 0 247 81
-1 -31 246 50
-2 29 244 79
0 3 244 82
6 23 250 105
2 -18 252 87
-4 5 248 92
7 21 255 113
0 -14 255 99
8 24 263 123
3 8 266 131
-7 -26 259 105
1 16 260 121
-1 -14 259 107
-8 22 251 129
-10 15 241 144
17 -8 258 136
-15 0 243 136
14 0 257 136
-8 1 249 137
6 -3 255 134
-1 10 254 144
0 7 254 151
-1 0 253 151
-5 -1 248 150
7 -7 255 143
-7 1 248 144
25 -1 273 143
-8 0 265 143
-2 0 263 143
7 0 270 143
-11 12 259 155
0 2 259 157
20 -11 279 146
-5 0 274 146
-13 17 261 163
6 -8 267 155
-13 16 254 171
11 -9 265 162
-20 4 245 166
23 -16 268 150
-7 -18 261 132
18 0 279 132
23 -6 302 126
-7 0 295 126
-14 7 281 133
-1 -1 280 132
0 0 280 132
-10 0 270 132
2 3 272 135
-9 -6 263 129
-24 8 239 137
0 17 239 154
-23 -10 216 144
-5 -2 211 142
-8 1 203 143
7 -4 210 139
7 -2 217 137
1 0 218 137
10 1 228 138
-11 7 217 145
10 -1 227 144
-2 2 225 146
1 1 226 147
-6 -17 220 130
3 0 223 130
15 3 238 133
6 -5 244 128
14 -2 258 126
1 0 259 126
-7 9 252 135
-3 -4 249 131
5 -5 254 126
5 -4 259 122
5 -1 264 121
3 -4 267 117
-3 -1 264 116
0 -2 264 114
0 0 264 114
1 0 265 114
-3 -3 262 111
1 5 263 116
1 8 264 124
0 -6 264 118
-1 -7 263 111
-5 0 258 111
-5 0 253 111
-4 -8 249 103
6 -6 255 97
-7 0 248 97
-2 -5 246 92
-7 -10 239 82
-1 -8 238 74
-6 -2 232 72
-1 -3 231 69
0 -3 231 66
-3 2 228 68
0 -1 228 67
0 -5 228 62
7 -8 235 54
-2 -2 233 52
6 0 239 52
0 -5 239 47
0 -14 239 33
5 0 244 33
4 0 248 33
1 -2 249 31
2 -3 251 28
4 7 255 35
0 -1 255 34
0 -3 255 31
-4 5 251 36
-4 0 247 36
-1 -2 246 34
-2 4 244 38
-7 1 237 39
4 0 241 39
0 7 241 46
4 4 245 50
2 0 247 50
-2 -3 245 47
-6 6 239 53
-5 8 234 61
-7 10 227 71
-4 3 223 74
-10 5 213 79
0 3 213 82
-7 4 206 86
-4 9 202 95
-2 2 200 97
-4 5 196 102
-1 3 195 105
-2 -1 193 104
-1 -1 192 103
-1 -5 191 98
-6 -3 185 95
-6 1 179 96
-8 -4 171 92
-5 0 166 92
0 4 166 96
-2 -1 164 95
-9 3 155 98
0 2 155 100
1 5 156 105
-10 -6 146 99
11 17 157 116
-17 -3 140 113
3 6 143 119
18 3 161 122
-13 -8 148 114
4 2 152 116
10 11 162 127
9 7 171 134
3 1 174 135
2 1 176 136
18 -3 194 133
-14 3 180 136
-4 2 176 138
2 4 178 142
-2 5 176 147
-8 -1 168 146
-15 -8 153 138
-3 -3 150 135
-9 -3 141 132
-8 -15 133 117
-10 0 123 117
-14 2 109 119
12 6 121 125
0 1 121 126
6 -8 127 118
-14 6 113 124
-17 10 96 134
0 -9 96 125
15 -1 111 124
-14 -13 97 111
-11 -13 86 98
14 7 100 105
-8 -10 92 95
1 0 93 95
1 11 94 106
-4 -7 90 99
1 14 91 113
0 0 91 113
0 -19 91 94
2 -17 93 77
-7 24 86 101
-2 6 84 107
-12 25 72 132
-3 20 69 152
5 -5 74 147
-22 26 52 173
-29 7 23 180
0 0 23 180
22 -4 45 176
16 -9 61 167
-1 1 60 168
-17 5 43 173
-26 14 17 187
-23 8 -6 195
19 -20 13 175
11 -13 24 162
18 -19 42 143
-22 18 20 161
-15 15 5 176
-1 1 4 177
23 -23 27 154
0 0 27 154
7 -12 34 142
12 -11 46 131
-4 5 42 136
1 0 43 136
-10 8 33 144
23 -20 56 124
21 -22 77 102
14 -22 91 80
22 -22 113 58
-24 24 89 82
15 -26 104 56
-12 21 92 77
-12 30 80 107
16 -30 96 77
0 0 96 77
-4 26 92 103
-1 0 91 103
1 -10 92 93
7 -16 99 77
8 -16 107 61
1 15 108 76
6 18 114 94
4 -7 118 87
-1 5 117 92
7 14 124 106
-9 -7 115 99
-13 -11 102 88
10 18 112 106
-5 0 107 106
10 13 117 119
-2 -10 115 109
-2 3 113 112
-3 -6 110 106
-5 0 105 106
0 -1 105 105
-3 0 102 105
-2 0 100 105
3 -3 103 102
-7 -5 96 97
-12 -2 84 95
1 0 85 95
-1 1 84 96
7 1 91 97
-12 0 79 97
22 2 101 99
9 1 110 100
-12 0 98 100
12 10 110 110
12 -2 122 108
16 6 138 114
13 10 151 124
0 0 151 124
-9 -2 142 122
-15 -4 127 118
15 2 142 120
11 8 153 128
0 0 153 128
-11 -10 142 118
-13 -4 129 114
5 4 134 118
-7 -8 127 110
-6 -8 121 102
-4 -1 117 101
-6 -6 111 95
0 0 111 95
0 -9 111 86
6 3 117 89
-7 -6 110 83
-1 -4 109 79
25 4 134 83
-4 -5 130 78
0 0 130 78
-1 -1 129 77
0 0 129 77
0 0 129 77
0 0 129 77
-6 -5 123 72
1 3 124 75
0 0 124 75
1 0 125 75
15 8 140 83
0 0 140 83
