0 0 0 0
0 0 0 0
0 0 0 0
0 0 0 0
0 0 0 0
0 0 0 0
0 0 0 0
0 0 0 0
0 0 0 0
0 0 0 0
0 0 0 0
0 0 0 0
0 0 0 0
0 0 0 0
0 0 0 0
0 0 0 0
0 0 0 0
0 0 0 0
0 0 0 0
0 0 0 0
0 0 0 0
0 0 0 0
0 0 0 0
0 0 0 0
0 0 0 0
0 0 0 0
0 0 0 0
0 0 0 0
0 0 0 0
0 0 0 0
0 0 0 0
0 0 0 0
0 0 0 0
0 0 0 0
0 0 0 0
0 0 0 0
0 0 0 0
0 0 0 0
0 0 0 0
0 0 0 0
0 0 0 0
0 0 0 0
0 0 0 0
0 0 0 0
0 0 0 0
0 0 0 0
0 0 0 0
0 0 0 0
0 0 0 0
0 0 0 0
0 0 0 0
0 0 0 0
0 0 0 0
0 0 0 0
0 0 0 0
0 0 0 0
0 0 0 0
0 0 0 0
0 0 0 0
0 0 0 0
0 0 0 0
0 0 0 0
0 0 0 0
0 0 0 0
0 0 0 0
0 0 0 0
0 0 0 0
0 0 0 0
0 0 0 0
0 0 0 0
0 0 0 0
0 0 0 0
0 0 0 0
0 0 0 0
0 0 0 0
0 0 0 0
0 0 0 0
0 0 0 0
0 0 0 0
0 0 0 0
0 0 0 0
0 0 0 0
0 0 0 0
0 0 0 0
0 0 0 0
0 0 0 0
0 0 0 0
0 0 0 0
0 0 0 0
0 0 0 0
0 0 0 0
0 0 0 0
0 0 0 0
0 0 0 0
0 0 0 0
0 0 0 0
0 0 0 0
0 0 0 0
0 0 0 0
0 0 0 0
0 0 0 0
0 0 0 0
0 0 0 0
0 0 0 0
0 0 0 0
0 0 0 0
0 0 0 0
0 0 0 0
0 0 0 0
0 0 0 0
0 0 0 0
0 0 0 0
0 0 0 0
0 0 0 0
0 0 0 0
0 0 0 0
0 0 0 0
0 0 0 0
0 0 0 0
0 0 0 0
0 0 0 0
0 0 0 0
0 0 0 0
0 0 0 0
0 0 0 0
0 0 0 0
0 0 0 0
0 0 0 0
0 0 0 0
0 0 0 0
0 0 0 0
0 0 0 0
0 0 0 0
0 0 0 0
0 0 0 0
0 0 0 0
0 0 0 0
0 0 0 0
0 0 0 0
0 0 0 0
0 0 0 0
0 0 0 0
0 0 0 0
0 0 0 0
0 0 0 0
0 0 0 0
0 0 0 0
0 0 0 0
0 0 0 0
0 0 0 0
0 0 0 0
0 0 0 0
0 0 0 0
0 0 0 0
0 0 0 0
0 0 0 0
0 0 0 0
0 0 0 0
0 0 0 0
0 0 0 0
0 0 0 0
0 0 0 0
0 0 0 0
0 0 0 0
0 0 0 0
0 0 0 0
0 0 0 0
0 0 0 0
0 21 0 21
0 0 0 21
0 0 0 21
0 0 0 21
0 0 0 21
0 0 0 21
0 0 0 21
0 0 0 21
0 0 0 21
0 0 0 21
0 0 0 21
0 0 0 21
0 0 0 21
0 0 0 21
0 0 0 21
0 0 0 21
0 0 0 21
0 0 0 21
0 0 0 21
0 0 0 21
0 0 0 21
0 0 0 21
0 0 0 21
0 0 0 21
0 0 0 21
0 0 0 21
0 0 0 21
0 0 0 21
0 0 0 21
0 0 0 21
0 0 0 21
0 0 0 21
0 0 0 21
0 0 0 21
0 0 0 21
0 0 0 21
0 0 0 21
0 0 0 21
0 0 0 21
0 0 0 21
0 0 0 21
0 0 0 21
0 0 0 21
0 0 0 21
0 0 0 21
0 0 0 21
0 0 0 21
0 0 0 21
0 0 0 21
0 0 0 21
0 0 0 21
0 0 0 21
0 0 0 21
0 0 0 21
0 0 0 21
0 0 0 21
0 0 0 21
0 0 0 21
0 0 0 21
0 0 0 21
0 0 0 21
0 0 0 21
0 0 0 21
0 0 0 21
0 0 0 21
-6 -42 -6 -21
0 0 -6 -21
0 0 -6 -21
0 0 -6 -21
0 0 -6 -21
0 0 -6 -21
0 0 -6 -21
0 0 -6 -21
0 0 -6 -21
0 0 -6 -21
0 0 -6 -21
0 0 -6 -21
0 0 -6 -21
0 0 -6 -21
0 0 -6 -21
0 0 -6 -21
0 0 -6 -21
0 0 -6 -21
0 0 -6 -21
0 0 -6 -21
0 0 -6 -21
0 0 -6 -21
0 0 -6 -21
0 0 -6 -21
0 0 -6 -21
0 0 -6 -21
0 0 -6 -21
0 0 -6 -21
0 0 -6 -21
0 0 -6 -21
0 0 -6 -21
0 0 -6 -21
0 0 -6 -21
0 0 -6 -21
0 0 -6 -21
0 0 -6 -21
-2 13 -8 -8
0 0 -8 -8
0 0 -8 -8
0 0 -8 -8
0 0 -8 -8
0 0 -8 -8
0 0 -8 -8
0 0 -8 -8
0 0 -8 -8
0 0 -8 -8
0 0 -8 -8
0 0 -8 -8
0 0 -8 -8
0 0 -8 -8
0 0 -8 -8
0 0 -8 -8
0 0 -8 -8
0 0 -8 -8
0 0 -8 -8
0 0 -8 -8
0 0 -8 -8
-31 -22 -39 -30
0 0 -39 -30
0 0 -39 -30
0 0 -39 -30
0 0 -39 -30
0 0 -39 -30
0 0 -39 -30
0 0 -39 -30
0 0 -39 -30
0 0 -39 -30
0 0 -39 -30
0 0 -39 -30
0 0 -39 -30
0 0 -39 -30
0 0 -39 -30
0 0 -39 -30
0 0 -39 -30
0 0 -39 -30
0 0 -39 -30
0 0 -39 -30
0 0 -39 -30
0 0 -39 -30
0 0 -39 -30
0 0 -39 -30
0 0 -39 -30
0 0 -39 -30
0 0 -39 -30
0 0 -39 -30
0 0 -39 -30
0 0 -39 -30
0 0 -39 -30
0 0 -39 -30
2 -21 -37 -51
7 -3 -30 -54
-11 17 -41 -37
0 0 -41 -37
0 0 -41 -37
0 0 -41 -37
0 0 -41 -37
0 0 -41 -37
0 0 -41 -37
0 0 -41 -37
0 0 -41 -37
0 0 -41 -37
0 0 -41 -37
0 0 -41 -37
0 0 -41 -37
0 0 -41 -37
0 0 -41 -37
0 0 -41 -37
0 0 -41 -37
0 0 -41 -37
0 0 -41 -37
0 0 -41 -37
0 0 -41 -37
0 0 -41 -37
0 0 -41 -37
0 0 -41 -37
-2 -7 -43 -44
0 0 -43 -44
0 0 -43 -44
0 0 -43 -44
0 0 -43 -44
0 0 -43 -44
0 0 -43 -44
0 0 -43 -44
0 0 -43 -44
0 0 -43 -44
0 0 -43 -44
0 0 -43 -44
0 0 -43 -44
0 0 -43 -44
0 0 -43 -44
0 0 -43 -44
0 0 -43 -44
0 0 -43 -44
0 0 -43 -44
0 0 -43 -44
0 0 -43 -44
0 0 -43 -44
0 0 -43 -44
0 0 -43 -44
0 0 -43 -44
0 0 -43 -44
0 0 -43 -44
0 0 -43 -44
0 0 -43 -44
0 0 -43 -44
0 0 -43 -44
0 0 -43 -44
0 0 -43 -44
0 0 -43 -44
0 0 -43 -44
0 0 -43 -44
0 0 -43 -44
0 0 -43 -44
0 0 -43 -44
0 0 -43 -44
0 0 -43 -44
0 0 -43 -44
2 7 -41 -37
-12 0 -53 -37
0 0 -53 -37
10 23 -43 -14
0 0 -43 -14
0 0 -43 -14
0 0 -43 -14
0 0 -43 -14
0 0 -43 -14
9 18 -34 4
6 28 -28 32
0 0 -28 32
-14 -2 -42 30
0 0 -42 30
0 0 -42 30
0 0 -42 30
0 0 -42 30
0 0 -42 30
0 0 -42 30
0 0 -42 30
0 0 -42 30
0 0 -42 30
0 0 -42 30
0 0 -42 30
0 0 -42 30
0 0 -42 30
0 0 -42 30
0 0 -42 30
0 0 -42 30
0 0 -42 30
0 0 -42 30
0 0 -42 30
0 0 -42 30
0 0 -42 30
0 0 -42 30
0 0 -42 30
-7 -12 -49 18
-21 -2 -70 16
38 -16 -32 0
0 0 -32 0
0 0 -32 0
0 0 -32 0
0 0 -32 0
0 0 -32 0
-14 14 -46 14
-18 16 -64 30
9 20 -55 50
2 27 -53 77
0 0 -53 77
0 40 -53 117
0 0 -53 117
12 15 -41 132
-6 13 -47 145
0 0 -47 145
-5 4 -52 149
0 0 -52 149
0 0 -52 149
-16 -16 -68 133
-8 -26 -76 107
0 0 -76 107
-8 -11 -84 96
0 0 -84 96
0 0 -84 96
0 0 -84 96
0 0 -84 96
0 0 -84 96
0 0 -84 96
0 0 -84 96
0 0 -84 96
0 0 -84 96
0 0 -84 96
0 0 -84 96
0 0 -84 96
-10 0 -94 96
0 0 -94 96
0 0 -94 96
0 0 -94 96
-2 -5 -96 91
0 0 -96 91
0 0 -96 91
0 0 -96 91
0 0 -96 91
-6 -10 -102 81
-3 -18 -105 63
1 5 -104 68
-1 -1 -105 67
7 -9 -98 58
0 0 -98 58
1 -10 -97 48
0 0 -97 48
6 8 -91 56
-14 12 -105 68
-2 -4 -107 64
10 5 -97 69
-6 -2 -103 67
0 7 -103 74
4 -5 -99 69
1 -7 -98 62
-5 -8 -103 54
-2 -27 -105 27
6 5 -99 32
-4 -4 -103 28
0 -2 -103 26
0 -10 -103 16
10 15 -93 31
14 2 -79 33
-6 -1 -85 32
17 4 -68 36
-8 -17 -76 19
11 1 -65 20
7 -24 -58 -4
0 -2 -58 -6
0 0 -58 -6
9 -2 -49 -8
8 10 -41 2
10 -8 -31 -6
9 6 -22 0
5 4 -17 4
0 0 -17 4
7 2 -10 6
0 0 -10 6
0 0 -10 6
0 0 -10 6
0 0 -10 6
0 0 -10 6
0 0 -10 6
0 0 -10 6
-7 4 -17 10
3 -2 -14 8
0 0 -14 8
0 0 -14 8
-4 -13 -18 -5
11 4 -7 -1
14 2 7 1
11 0 18 1
26 -1 44 0
-15 17 29 17
7 -18 36 -1
21 -23 57 -24
3 -28 60 -52
-20 -31 40 -83
0 0 40 -83
0 0 40 -83
0 0 40 -83
0 0 40 -83
0 0 40 -83
0 0 40 -83
0 0 40 -83
0 0 40 -83
0 0 40 -83
0 0 40 -83
0 0 40 -83
0 0 40 -83
0 0 40 -83
0 0 40 -83
0 0 40 -83
0 0 40 -83
0 0 40 -83
0 0 40 -83
0 0 40 -83
0 0 40 -83
0 0 40 -83
0 0 40 -83
0 0 40 -83
0 0 40 -83
0 0 40 -83
0 0 40 -83
0 0 40 -83
0 0 40 -83
0 0 40 -83
0 0 40 -83
0 0 40 -83
0 0 40 -83
0 0 40 -83
0 0 40 -83
0 0 40 -83
0 0 40 -83
0 0 40 -83
0 0 40 -83
0 0 40 -83
0 0 40 -83
0 0 40 -83
0 0 40 -83
0 0 40 -83
0 0 40 -83
0 0 40 -83
0 0 40 -83
0 0 40 -83
0 0 40 -83
0 0 40 -83
0 0 40 -83
0 0 40 -83
0 0 40 -83
0 0 40 -83
0 0 40 -83
0 0 40 -83
0 0 40 -83
0 0 40 -83
0 0 40 -83
0 0 40 -83
0 0 40 -83
0 0 40 -83
0 0 40 -83
0 0 40 -83
0 0 40 -83
0 0 40 -83
0 0 40 -83
0 0 40 -83
0 0 40 -83
0 0 40 -83
0 0 40 -83
0 0 40 -83
0 0 40 -83
0 0 40 -83
0 0 40 -83
0 0 40 -83
0 0 40 -83
0 0 40 -83
0 0 40 -83
0 0 40 -83
0 0 40 -83
0 0 40 -83
0 0 40 -83
0 0 40 -83
0 0 40 -83
0 0 40 -83
0 0 40 -83
0 0 40 -83
0 0 40 -83
0 0 40 -83
0 0 40 -83
0 0 40 -83
0 0 40 -83
0 0 40 -83
0 0 40 -83
0 0 40 -83
0 0 40 -83
0 0 40 -83
0 0 40 -83
0 0 40 -83
0 0 40 -83
0 0 40 -83
0 0 40 -83
0 0 40 -83
0 0 40 -83
0 0 40 -83
0 0 40 -83
0 0 40 -83
0 0 40 -83
0 0 40 -83
0 0 40 -83
0 0 40 -83
0 0 40 -83
0 0 40 -83
0 0 40 -83
0 0 40 -83
0 0 40 -83
0 0 40 -83
0 0 40 -83
0 0 40 -83
0 0 40 -83
0 0 40 -83
0 0 40 -83
0 0 40 -83
0 0 40 -83
0 0 40 -83
0 0 40 -83
0 0 40 -83
0 0 40 -83
0 0 40 -83
0 0 40 -83
0 0 40 -83
0 0 40 -83
0 0 40 -83
0 0 40 -83
0 0 40 -83
0 0 40 -83
0 0 40 -83
0 0 40 -83
0 0 40 -83
0 0 40 -83
0 0 40 -83
0 0 40 -83
0 0 40 -83
0 0 40 -83
0 0 40 -83
0 0 40 -83
0 0 40 -83
0 0 40 -83
0 0 40 -83
0 0 40 -83
0 0 40 -83
0 0 40 -83
0 0 40 -83
0 0 40 -83
0 0 40 -83
0 0 40 -83
0 0 40 -83
0 0 40 -83
0 0 40 -83
0 0 40 -83
0 0 40 -83
0 0 40 -83
0 0 40 -83
0 0 40 -83
0 0 40 -83
0 0 40 -83
0 0 40 -83
0 0 40 -83
0 0 40 -83
0 0 40 -83
0 0 40 -83
0 0 40 -83
0 0 40 -83
0 0 40 -83
0 0 40 -83
0 0 40 -83
0 0 40 -83
0 0 40 -83
0 0 40 -83
0 0 40 -83
0 0 40 -83
0 0 40 -83
0 0 40 -83
0 0 40 -83
0 0 40 -83
0 0 40 -83
0 0 40 -83
0 0 40 -83
0 0 40 -83
0 0 40 -83
0 0 40 -83
0 0 40 -83
0 0 40 -83
0 0 40 -83
0 0 40 -83
0 0 40 -83
0 0 40 -83
0 0 40 -83
0 0 40 -83
0 0 40 -83
0 0 40 -83
0 0 40 -83
0 0 40 -83
0 0 40 -83
0 0 40 -83
0 0 40 -83
0 0 40 -83
0 0 40 -83
0 0 40 -83
0 0 40 -83
0 0 40 -83
0 0 40 -83
0 0 40 -83
0 0 40 -83
0 0 40 -83
0 0 40 -83
0 0 40 -83
0 0 40 -83
0 0 40 -83
0 0 40 -83
0 0 40 -83
0 0 40 -83
0 0 40 -83
0 0 40 -83
0 0 40 -83
0 0 40 -83
0 0 40 -83
0 0 40 -83
0 0 40 -83
0 0 40 -83
0 0 40 -83
0 0 40 -83
0 0 40 -83
0 0 40 -83
0 0 40 -83
0 0 40 -83
0 0 40 -83
0 0 40 -83
0 0 40 -83
0 0 40 -83
0 0 40 -83
0 0 40 -83
0 0 40 -83
0 0 40 -83
0 0 40 -83
0 0 40 -83
0 0 40 -83
0 0 40 -83
0 0 40 -83
0 0 40 -83
0 0 40 -83
0 0 40 -83
0 0 40 -83
0 0 40 -83
0 0 40 -83
0 0 40 -83
0 0 40 -83
0 0 40 -83
0 0 40 -83
0 0 40 -83
0 0 40 -83
0 0 40 -83
0 0 40 -83
0 0 40 -83
0 0 40 -83
0 0 40 -83
0 0 40 -83
0 0 40 -83
0 0 40 -83
0 0 40 -83
0 0 40 -83
0 0 40 -83
0 0 40 -83
0 0 40 -83
0 0 40 -83
0 0 40 -83
0 0 40 -83
0 0 40 -83
0 0 40 -83
0 0 40 -83
0 0 40 -83
0 0 40 -83
0 0 40 -83
0 0 40 -83
0 0 40 -83
0 0 40 -83
0 0 40 -83
0 0 40 -83
0 0 40 -83
0 0 40 -83
0 0 40 -83
0 0 40 -83
0 0 40 -83
0 0 40 -83
0 0 40 -83
0 0 40 -83
0 0 40 -83
0 0 40 -83
0 0 40 -83
0 0 40 -83
0 0 40 -83
0 0 40 -83
0 0 40 -83
0 0 40 -83
0 0 40 -83
0 0 40 -83
0 0 40 -83
0 0 40 -83
0 0 40 -83
0 0 40 -83
0 0 40 -83
0 0 40 -83
0 0 40 -83
0 0 40 -83
0 0 40 -83
0 0 40 -83
0 0 40 -83
0 0 40 -83
0 0 40 -83
0 0 40 -83
0 0 40 -83
0 0 40 -83
0 0 40 -83
0 0 40 -83
0 0 40 -83
0 0 40 -83
0 0 40 -83
0 0 40 -83
0 0 40 -83
0 0 40 -83
0 0 40 -83
0 0 40 -83
0 0 40 -83
0 0 40 -83
0 0 40 -83
0 0 40 -83
0 0 40 -83
0 0 40 -83
0 0 40 -83
0 0 40 -83
0 0 40 -83
0 0 40 -83
0 0 40 -83
0 0 40 -83
0 0 40 -83
0 0 40 -83
0 0 40 -83
0 0 40 -83
0 0 40 -83
0 0 40 -83
0 0 40 -83
0 0 40 -83
0 0 40 -83
0 0 40 -83
0 0 40 -83
0 0 40 -83
0 0 40 -83
0 0 40 -83
0 0 40 -83
0 0 40 -83
0 0 40 -83
0 0 40 -83
0 0 40 -83
0 0 40 -83
0 0 40 -83
0 0 40 -83
0 0 40 -83
0 0 40 -83
0 0 40 -83
0 0 40 -83
0 0 40 -83
0 0 40 -83
0 0 40 -83
0 0 40 -83
0 0 40 -83
0 0 40 -83
0 0 40 -83
0 0 40 -83
0 0 40 -83
0 0 40 -83
0 0 40 -83
0 0 40 -83
0 0 40 -83
0 0 40 -83
0 0 40 -83
0 0 40 -83
0 0 40 -83
0 0 40 -83
0 0 40 -83
0 0 40 -83
0 0 40 -83
0 0 40 -83
0 0 40 -83
0 0 40 -83
0 0 40 -83
0 0 40 -83
0 0 40 -83
0 0 40 -83
0 0 40 -83
0 0 40 -83
0 0 40 -83
0 0 40 -83
0 0 40 -83
0 0 40 -83
0 0 40 -83
0 0 40 -83
0 0 40 -83
0 0 40 -83
0 0 40 -83
0 0 40 -83
0 0 40 -83
0 0 40 -83
0 0 40 -83
0 0 40 -83
0 0 40 -83
0 0 40 -83
0 0 40 -83
0 0 40 -83
0 0 40 -83
0 0 40 -83
0 0 40 -83
0 0 40 -83
0 0 40 -83
0 0 40 -83
0 0 40 -83
0 0 40 -83
0 0 40 -83
0 0 40 -83
0 0 40 -83
0 0 40 -83
0 0 40 -83
0 0 40 -83
0 0 40 -83
0 0 40 -83
0 0 40 -83
0 0 40 -83
0 0 40 -83
0 0 40 -83
0 0 40 -83
0 0 40 -83
0 0 40 -83
0 0 40 -83
0 0 40 -83
0 0 40 -83
0 0 40 -83
0 0 40 -83
0 0 40 -83
0 0 40 -83
0 0 40 -83
0 0 40 -83
0 0 40 -83
0 0 40 -83
0 0 40 -83
0 0 40 -83
0 0 40 -83
0 0 40 -83
0 0 40 -83
0 0 40 -83
0 0 40 -83
0 0 40 -83
0 0 40 -83
0 0 40 -83
0 0 40 -83
0 0 40 -83
0 0 40 -83
0 0 40 -83
0 0 40 -83
0 0 40 -83
0 0 40 -83
0 0 40 -83
0 0 40 -83
0 0 40 -83
0 0 40 -83
0 0 40 -83
0 0 40 -83
0 0 40 -83
0 0 40 -83
0 0 40 -83
0 0 40 -83
0 0 40 -83
0 0 40 -83
0 0 40 -83
0 0 40 -83
0 0 40 -83
0 0 40 -83
0 0 40 -83
0 0 40 -83
0 0 40 -83
0 0 40 -83
0 0 40 -83
0 0 40 -83
0 0 40 -83
0 0 40 -83
0 0 40 -83
0 0 40 -83
0 0 40 -83
0 0 40 -83
0 0 40 -83
0 0 40 -83
0 0 40 -83
0 0 40 -83
0 0 40 -83
0 0 40 -83
0 0 40 -83
0 0 40 -83
0 0 40 -83
0 0 40 -83
0 0 40 -83
0 0 40 -83
0 0 40 -83
0 0 40 -83
0 0 40 -83
0 0 40 -83
0 0 40 -83
0 0 40 -83
0 0 40 -83
0 0 40 -83
0 0 40 -83
0 0 40 -83
0 0 40 -83
0 0 40 -83
0 0 40 -83
0 0 40 -83
0 0 40 -83
0 0 40 -83
0 0 40 -83
0 0 40 -83
0 0 40 -83
0 0 40 -83
0 0 40 -83
0 0 40 -83
0 0 40 -83
0 0 40 -83
0 0 40 -83
0 0 40 -83
0 0 40 -83
0 0 40 -83
0 0 40 -83
0 0 40 -83
0 0 40 -83
0 0 40 -83
0 0 40 -83
0 0 40 -83
0 0 40 -83
0 0 40 -83
0 0 40 -83
0 0 40 -83
0 0 40 -83
0 0 40 -83
0 0 40 -83
0 0 40 -83
0 0 40 -83
0 0 40 -83
0 0 40 -83
0 0 40 -83
0 0 40 -83
0 0 40 -83
0 0 40 -83
0 0 40 -83
0 0 40 -83
0 0 40 -83
0 0 40 -83
0 0 40 -83
0 0 40 -83
0 0 40 -83
0 0 40 -83
0 0 40 -83
